129
CSI001    	0	0.385328	0.367809	0.38272	0.312008	0.329826	0.293435	0.258295	0.237432	0.177299	0.381739	0.224949	0.414515	0.412669	0.206597	0.289146	0.244687	0.258115	0.231937	0.359841	0.447446	0.217259	0.444649	0.416087	0.371927	0.337335	0.314642	0.206618	0.216148	0.249037	0.203207	0.366998	0.179702	0.382245	0.379056	0.469764	0.253464	0.263017	0.261602	0.216157	0.206994	0.380011	0.517904	0.376486	0.353593	0.393231	0.310726	0.313503	0.351241	0.493158	0.409497	0.314012	0.386493	0.300219	0.377799	0.381651	0.379484	0.325732	0.331023	0.403451	0.312093	0.322566	0.359632	0.372228	0.364321	0.38777	0.353942	0.361715	0.343048	0.465132	0.369045	0.340661	0.345983	0.396204	0.262731	0.375847	0.379325	0.34582	0.368274	0.291464	0.389574	0.370248	0.245988	0.319435	0.378125	0.282106	0.398064	0.352741	0.34228	0.407854	0.387114	0.365194	0.400584	0.237184	0.240038	0.357487	0.212411	0.352778	0.359789	0.385494	0.299017	0.298068	0.276368	0.19683	0.327718	0.370647	0.325613	0.36665	0.357395	0.3427	0.408679	0.342909	0.296094	0.246075	0.287457	0.327964	0.375241	0.271895	0.379114	0.457525	0.405607	0.404654	0.337681	0.335671	0.284486	0.331899	0.431896	0.376298	0.544024
CSI002    	0.385328	0	0.205808	0.256196	0.467815	0.413633	0.470552	0.29887	0.407842	0.378568	0.277417	0.368619	0.228302	0.208473	0.403717	0.417467	0.393217	0.325706	0.447749	0.265542	0.334113	0.407627	0.386879	0.314951	0.339347	0.490033	0.416231	0.368386	0.375611	0.373423	0.377481	0.305929	0.376126	0.261991	0.265302	0.247701	0.380058	0.332534	0.402525	0.394305	0.404838	0.299473	0.506986	0.274263	0.305988	0.357755	0.424086	0.318166	0.274869	0.484616	0.454325	0.344604	0.302275	0.396694	0.40524	0.36154	0.331389	0.419636	0.326357	0.456455	0.375793	0.405592	0.386161	0.385247	0.349508	0.411525	0.340821	0.365984	0.426463	0.498038	0.420781	0.449731	0.472875	0.322624	0.351413	0.361987	0.296279	0.354457	0.405688	0.285885	0.456433	0.437099	0.358214	0.35575	0.337445	0.396878	0.332857	0.279882	0.311563	0.427983	0.439077	0.457352	0.465829	0.415255	0.393012	0.290571	0.395681	0.359307	0.338629	0.318201	0.424432	0.412915	0.405633	0.426878	0.424834	0.419465	0.431242	0.301603	0.308592	0.292099	0.466192	0.433714	0.384927	0.363983	0.407834	0.458612	0.332869	0.434668	0.445338	0.376628	0.335025	0.531574	0.368483	0.428072	0.383909	0.444327	0.467216	0.336012	0.429865
CSI003    	0.367809	0.205808	0	0.254794	0.433545	0.399109	0.42811	0.306588	0.386642	0.363574	0.256494	0.383016	0.272326	0.228458	0.384571	0.397673	0.35834	0.338517	0.420772	0.241119	0.298089	0.408997	0.340926	0.282671	0.331802	0.448446	0.39355	0.35985	0.367578	0.385034	0.355162	0.261208	0.365173	0.282202	0.264306	0.290325	0.357041	0.321718	0.389095	0.376667	0.410075	0.308815	0.532449	0.281719	0.258427	0.311258	0.387728	0.31234	0.317311	0.480455	0.458119	0.364631	0.298726	0.37838	0.362024	0.33435	0.277259	0.38782	0.295079	0.420174	0.356969	0.358944	0.343151	0.382754	0.309069	0.35054	0.31573	0.348719	0.392256	0.494142	0.40562	0.416891	0.443018	0.307767	0.351652	0.363961	0.322322	0.329952	0.377261	0.300902	0.449193	0.412127	0.370832	0.358584	0.321214	0.361387	0.326463	0.25558	0.276136	0.428809	0.413592	0.451509	0.473496	0.390353	0.349761	0.259694	0.385886	0.311212	0.298086	0.28419	0.399857	0.395791	0.396881	0.38904	0.389435	0.366566	0.402323	0.267052	0.271636	0.257017	0.424063	0.427871	0.355121	0.345124	0.374824	0.402067	0.278425	0.395143	0.428829	0.374665	0.297553	0.483619	0.315879	0.423851	0.374272	0.404023	0.459676	0.318868	0.456995
CSI004    	0.38272	0.256196	0.254794	0	0.413971	0.380833	0.421917	0.358742	0.414602	0.38344	0.138054	0.413734	0.260695	0.244233	0.411581	0.389039	0.353567	0.37809	0.429092	0.182918	0.193025	0.439199	0.250754	0.187441	0.218561	0.443517	0.366246	0.379306	0.405642	0.425713	0.366382	0.243193	0.384486	0.249878	0.203143	0.27552	0.333582	0.304551	0.394556	0.38677	0.413628	0.234661	0.556549	0.302073	0.268655	0.355766	0.381245	0.35371	0.359815	0.475257	0.406115	0.434389	0.361079	0.41409	0.352189	0.336821	0.291484	0.374986	0.298058	0.443713	0.375953	0.363389	0.338699	0.438862	0.298871	0.318419	0.312056	0.386264	0.405814	0.502168	0.398358	0.420516	0.432342	0.307244	0.387911	0.32429	0.351489	0.331074	0.37162	0.330584	0.409477	0.427181	0.423154	0.409109	0.294814	0.402123	0.33743	0.252746	0.255396	0.409448	0.44771	0.437615	0.460756	0.385372	0.399027	0.292257	0.432296	0.286029	0.282626	0.31522	0.398164	0.412137	0.395649	0.402557	0.424614	0.370339	0.409721	0.252989	0.301702	0.260522	0.417276	0.428911	0.382908	0.332409	0.383979	0.44149	0.324252	0.436705	0.382928	0.376286	0.294285	0.483223	0.338419	0.430005	0.381077	0.434932	0.488378	0.302534	0.511371
CSI005    	0.312008	0.467815	0.433545	0.413971	0	0.186948	0.253598	0.373859	0.309641	0.319375	0.425657	0.3633	0.467762	0.478697	0.290394	0.149086	0.19901	0.360963	0.30667	0.342892	0.468886	0.379821	0.378469	0.434145	0.388155	0.272318	0.162143	0.277144	0.294358	0.379015	0.282939	0.384943	0.327062	0.446137	0.407363	0.490263	0.208757	0.277815	0.236479	0.263244	0.34826	0.303599	0.570705	0.420937	0.402366	0.346405	0.261341	0.331114	0.406794	0.514967	0.408526	0.441868	0.43663	0.334978	0.368368	0.400553	0.424472	0.329001	0.387572	0.463803	0.407694	0.390016	0.353262	0.404025	0.397652	0.355745	0.420532	0.442506	0.28668	0.485561	0.352153	0.360111	0.340561	0.456382	0.365848	0.410234	0.469001	0.36452	0.422776	0.366392	0.372346	0.356276	0.362785	0.436862	0.412774	0.408107	0.357808	0.375801	0.377733	0.392586	0.327971	0.344555	0.421126	0.378931	0.339903	0.358294	0.359998	0.377733	0.410175	0.454458	0.241578	0.258389	0.329032	0.330034	0.383255	0.39386	0.37384	0.396898	0.365065	0.379922	0.299758	0.235121	0.316994	0.32366	0.373861	0.393494	0.366435	0.294669	0.414742	0.513474	0.437082	0.326804	0.258898	0.22601	0.250529	0.394278	0.532696	0.360868	0.593918
CSI006    	0.329826	0.413633	0.399109	0.380833	0.186948	0	0.336782	0.344179	0.339911	0.330914	0.39351	0.405451	0.449878	0.433401	0.292084	0.20221	0.243285	0.339104	0.350593	0.309952	0.43614	0.417061	0.335662	0.407776	0.375739	0.307853	0.157841	0.272335	0.346271	0.395978	0.294516	0.354188	0.362799	0.415602	0.385556	0.476873	0.219889	0.248199	0.212821	0.284405	0.397505	0.289527	0.55096	0.389726	0.356837	0.286465	0.242337	0.265201	0.371364	0.489737	0.440669	0.413674	0.38251	0.246206	0.363785	0.37712	0.38673	0.354337	0.335595	0.435646	0.38145	0.357329	0.34111	0.420375	0.353112	0.332538	0.37375	0.387179	0.257471	0.497836	0.369522	0.348057	0.369191	0.393529	0.371175	0.386147	0.411619	0.32512	0.37723	0.311493	0.404404	0.317566	0.362722	0.392217	0.385571	0.391287	0.301649	0.330856	0.334775	0.431376	0.295501	0.386786	0.455149	0.394359	0.311107	0.307715	0.338997	0.353185	0.378262	0.404524	0.211064	0.216737	0.34875	0.324101	0.377596	0.382467	0.323865	0.353311	0.304707	0.338237	0.234546	0.197873	0.260164	0.28581	0.34364	0.380849	0.30593	0.265184	0.423543	0.482833	0.413385	0.26361	0.225691	0.230986	0.194306	0.34641	0.498766	0.340737	0.528898
CSI007    	0.293435	0.470552	0.42811	0.421917	0.253598	0.336782	0	0.401883	0.314159	0.329195	0.42674	0.344983	0.438437	0.466394	0.310322	0.27482	0.206344	0.30679	0.274518	0.361493	0.494832	0.343327	0.445811	0.448139	0.392007	0.319384	0.314671	0.254699	0.235928	0.354148	0.323637	0.416453	0.297638	0.421421	0.418589	0.500882	0.266539	0.327738	0.316814	0.267953	0.312982	0.377781	0.546235	0.461394	0.398427	0.435508	0.294928	0.377534	0.437993	0.509838	0.395098	0.424144	0.452137	0.341975	0.35825	0.403851	0.41131	0.293533	0.397722	0.428609	0.388774	0.380598	0.340203	0.369747	0.411375	0.384214	0.409059	0.426215	0.371947	0.450719	0.328276	0.320461	0.338325	0.461226	0.342761	0.408634	0.458247	0.355308	0.429604	0.384308	0.35386	0.371739	0.325079	0.39609	0.411272	0.339165	0.443785	0.415395	0.373998	0.348822	0.384777	0.343581	0.371581	0.314446	0.278867	0.395574	0.324965	0.355688	0.399779	0.467445	0.318227	0.3179	0.29906	0.307339	0.354694	0.359365	0.367121	0.403262	0.399546	0.390591	0.430563	0.360807	0.359357	0.339091	0.349425	0.353748	0.417364	0.331979	0.395661	0.509185	0.437135	0.426308	0.358737	0.290299	0.348467	0.403774	0.501382	0.376824	0.632785
CSI008    	0.258295	0.29887	0.306588	0.358742	0.373859	0.344179	0.401883	0	0.314362	0.24164	0.359159	0.304165	0.425891	0.394479	0.311452	0.321292	0.323137	0.242851	0.377843	0.354071	0.387661	0.34047	0.396211	0.381973	0.402646	0.435593	0.33885	0.250312	0.25405	0.321907	0.270699	0.349264	0.285312	0.401995	0.382993	0.453801	0.292945	0.287949	0.258415	0.255305	0.331418	0.371832	0.518952	0.277374	0.316403	0.323294	0.328529	0.242984	0.291975	0.469177	0.448982	0.269592	0.26597	0.346987	0.403888	0.379677	0.340345	0.382432	0.29581	0.398257	0.316226	0.335088	0.384792	0.37338	0.332672	0.373607	0.361498	0.336895	0.337984	0.491845	0.405453	0.392336	0.403641	0.337889	0.275717	0.384819	0.345561	0.358972	0.355115	0.235178	0.42571	0.379987	0.269241	0.323954	0.369976	0.323278	0.323363	0.296478	0.335208	0.439068	0.331361	0.397438	0.458238	0.326968	0.303189	0.31357	0.297919	0.364211	0.332776	0.305109	0.3367	0.313726	0.334619	0.329761	0.344119	0.415441	0.334666	0.329822	0.30194	0.315612	0.367579	0.358693	0.280175	0.268635	0.325294	0.340681	0.312757	0.29393	0.439311	0.42362	0.362928	0.419952	0.303678	0.380239	0.288429	0.316606	0.392007	0.365529	0.427902
CSI009    	0.237432	0.407842	0.386642	0.414602	0.309641	0.339911	0.314159	0.314362	0	0.228785	0.411216	0.25811	0.445115	0.452688	0.254921	0.2843	0.270376	0.289904	0.281497	0.379276	0.461107	0.301956	0.452787	0.425611	0.399929	0.362895	0.314487	0.233949	0.226766	0.274453	0.245359	0.37776	0.263571	0.420882	0.390127	0.461225	0.281218	0.28671	0.290178	0.262529	0.276693	0.398194	0.528368	0.38938	0.376594	0.411994	0.348399	0.319127	0.31297	0.512218	0.398562	0.341752	0.397072	0.32358	0.400738	0.386309	0.403303	0.326915	0.360341	0.425679	0.261374	0.340174	0.381534	0.351524	0.38978	0.408581	0.384117	0.381266	0.370847	0.44595	0.364744	0.349141	0.34572	0.422807	0.303528	0.407107	0.416928	0.366104	0.38648	0.316563	0.33607	0.391783	0.304712	0.34762	0.397568	0.334591	0.412652	0.369467	0.375968	0.371923	0.412787	0.3034	0.41666	0.322468	0.287122	0.372115	0.28999	0.3865	0.38709	0.407415	0.348599	0.346541	0.300942	0.26816	0.331077	0.40666	0.367155	0.386767	0.382966	0.377403	0.443768	0.307695	0.307857	0.295814	0.31432	0.375366	0.394985	0.331553	0.415122	0.499262	0.43338	0.448526	0.341973	0.330983	0.303063	0.298283	0.46037	0.393306	0.551677
CSI010    	0.177299	0.378568	0.363574	0.38344	0.319375	0.330914	0.329195	0.24164	0.228785	0	0.382799	0.236223	0.435514	0.41759	0.245405	0.295138	0.272794	0.284223	0.306978	0.351969	0.430318	0.291969	0.423361	0.395545	0.374339	0.385749	0.31028	0.184168	0.22726	0.275738	0.195558	0.340185	0.238706	0.416206	0.368658	0.473269	0.27179	0.283703	0.236227	0.206989	0.265762	0.369097	0.543751	0.35648	0.352703	0.378701	0.307094	0.30047	0.337409	0.490834	0.431324	0.308465	0.379148	0.310691	0.371228	0.356862	0.381125	0.357966	0.336357	0.395582	0.280591	0.324831	0.361504	0.386777	0.359086	0.378261	0.379748	0.372546	0.348261	0.471133	0.383728	0.354353	0.3636	0.406375	0.286875	0.392122	0.390704	0.346076	0.375895	0.300163	0.396782	0.373463	0.289199	0.339309	0.370886	0.299075	0.381804	0.338164	0.350037	0.432343	0.376627	0.347915	0.436632	0.28377	0.251493	0.342172	0.258993	0.353408	0.362136	0.384414	0.322334	0.312614	0.305449	0.247087	0.356232	0.393487	0.329773	0.355237	0.353571	0.34365	0.393295	0.319832	0.273683	0.248817	0.293858	0.332582	0.369905	0.286513	0.412178	0.472592	0.408178	0.406548	0.315271	0.34044	0.273934	0.316615	0.391044	0.361346	0.529298
CSI011    	0.381739	0.277417	0.256494	0.138054	0.425657	0.39351	0.42674	0.359159	0.411216	0.382799	0	0.427034	0.265358	0.256659	0.413195	0.401907	0.36341	0.395679	0.42076	0.197039	0.217226	0.446356	0.254009	0.202905	0.215041	0.447837	0.379451	0.384877	0.407591	0.436644	0.371703	0.243733	0.387629	0.276186	0.170763	0.289953	0.349573	0.320355	0.401468	0.399791	0.424059	0.245665	0.557553	0.302936	0.261452	0.346467	0.382369	0.358357	0.375496	0.496169	0.422278	0.433546	0.338135	0.416902	0.321261	0.295947	0.277233	0.385145	0.284897	0.442991	0.380175	0.37728	0.334924	0.437296	0.274827	0.301268	0.308808	0.398638	0.418593	0.488266	0.420029	0.414802	0.433896	0.294838	0.388959	0.318486	0.350383	0.320519	0.357648	0.348398	0.41724	0.43282	0.419973	0.425528	0.298978	0.407817	0.331262	0.249534	0.261289	0.419119	0.444484	0.434561	0.464968	0.385296	0.394157	0.282368	0.432529	0.289765	0.281393	0.306071	0.409235	0.415927	0.392535	0.402127	0.425896	0.361876	0.40944	0.248886	0.298368	0.260754	0.416395	0.429285	0.384168	0.346986	0.387831	0.43949	0.31805	0.439	0.376041	0.360213	0.275959	0.485402	0.345413	0.421673	0.395598	0.433187	0.489419	0.270675	0.507682
CSI012    	0.224949	0.368619	0.383016	0.413734	0.3633	0.405451	0.344983	0.304165	0.25811	0.236223	0.427034	0	0.406457	0.419512	0.271864	0.341053	0.304949	0.274524	0.257848	0.42969	0.447004	0.232956	0.510405	0.463583	0.439357	0.400638	0.372003	0.260171	0.212632	0.242977	0.252974	0.412342	0.219932	0.398355	0.421206	0.442608	0.319869	0.299351	0.332839	0.298096	0.183612	0.454726	0.539133	0.392922	0.41855	0.456466	0.4156	0.354741	0.322736	0.538099	0.412639	0.319347	0.435754	0.378169	0.458828	0.435855	0.433423	0.382164	0.383666	0.469689	0.299952	0.381813	0.447035	0.335775	0.442776	0.47489	0.41834	0.394714	0.434258	0.441008	0.399084	0.424682	0.394039	0.421204	0.296412	0.432516	0.396511	0.427833	0.421142	0.325985	0.364104	0.445557	0.308024	0.345599	0.434309	0.324702	0.452946	0.408384	0.41998	0.360774	0.468218	0.345697	0.390928	0.308001	0.318273	0.417875	0.299651	0.438204	0.427433	0.42468	0.417052	0.407418	0.347702	0.29997	0.371928	0.471942	0.418837	0.438217	0.42104	0.426415	0.501776	0.372869	0.360503	0.320348	0.362163	0.416438	0.438526	0.375981	0.47462	0.486809	0.451811	0.508096	0.394129	0.388543	0.359287	0.395708	0.441291	0.446368	0.548738
CSI013    	0.414515	0.228302	0.272326	0.260695	0.467762	0.449878	0.438437	0.425891	0.445115	0.435514	0.265358	0.406457	0	0.183667	0.439942	0.44443	0.386666	0.403385	0.44244	0.296591	0.353117	0.430169	0.434485	0.360371	0.341173	0.48278	0.41363	0.410021	0.416388	0.418801	0.408226	0.362556	0.384471	0.173738	0.268135	0.237339	0.380979	0.336764	0.451791	0.448489	0.400348	0.326554	0.523723	0.386354	0.309202	0.456877	0.435678	0.426214	0.389016	0.517966	0.403887	0.477965	0.43116	0.465527	0.375292	0.388209	0.318847	0.403489	0.358459	0.487085	0.401122	0.426102	0.378514	0.434461	0.356279	0.400322	0.341935	0.422023	0.491957	0.494045	0.428489	0.461231	0.467073	0.339716	0.398968	0.342405	0.348852	0.368137	0.425877	0.387504	0.438518	0.486967	0.452101	0.430248	0.34759	0.429769	0.462279	0.384202	0.303346	0.414474	0.538214	0.478125	0.453391	0.403144	0.444811	0.388073	0.477758	0.337642	0.312314	0.390856	0.454887	0.46366	0.414888	0.442375	0.448296	0.401852	0.464147	0.36258	0.398908	0.336061	0.502661	0.477618	0.45471	0.3934	0.432462	0.49558	0.426804	0.501161	0.396983	0.329965	0.32576	0.557141	0.416895	0.456619	0.453084	0.492494	0.495087	0.354333	0.543042
CSI014    	0.412669	0.208473	0.228458	0.244233	0.478697	0.433401	0.466394	0.394479	0.452688	0.41759	0.256659	0.419512	0.183667	0	0.451603	0.454662	0.389049	0.402097	0.4448	0.274121	0.311173	0.455172	0.403282	0.328598	0.344662	0.497741	0.423192	0.414561	0.437455	0.434409	0.414136	0.322296	0.40611	0.21763	0.248302	0.213072	0.380904	0.331907	0.443217	0.447641	0.413742	0.312759	0.564126	0.348397	0.298402	0.419288	0.417462	0.405818	0.377288	0.515693	0.45904	0.455002	0.39593	0.453519	0.378846	0.348946	0.309201	0.410071	0.321215	0.487343	0.390175	0.40109	0.349492	0.460145	0.349991	0.396647	0.327827	0.403819	0.47098	0.513072	0.450209	0.459601	0.475531	0.318245	0.413919	0.319576	0.31452	0.361482	0.424664	0.368012	0.45131	0.482671	0.457687	0.424865	0.311096	0.419996	0.423912	0.346618	0.301528	0.42607	0.518946	0.487559	0.493209	0.424074	0.427613	0.35522	0.466628	0.32448	0.304404	0.375619	0.437683	0.454147	0.448568	0.434143	0.457432	0.391956	0.445221	0.329333	0.357331	0.290766	0.477081	0.485304	0.444951	0.378341	0.423792	0.479737	0.391294	0.479286	0.417578	0.326154	0.312601	0.539611	0.380498	0.482664	0.445547	0.474248	0.462172	0.325817	0.513486
CSI015    	0.206597	0.403717	0.384571	0.411581	0.290394	0.292084	0.310322	0.311452	0.254921	0.245405	0.413195	0.271864	0.439942	0.451603	0	0.291756	0.27726	0.250168	0.239777	0.374321	0.463145	0.269273	0.452259	0.429898	0.390568	0.359051	0.281368	0.217411	0.24877	0.1901	0.161659	0.384167	0.236935	0.409987	0.397078	0.48514	0.277213	0.28606	0.249541	0.244961	0.281433	0.391386	0.446656	0.397669	0.375241	0.361358	0.352943	0.318377	0.364867	0.426226	0.419286	0.344831	0.38901	0.255468	0.395244	0.399547	0.398178	0.361589	0.376079	0.350198	0.347439	0.356988	0.380254	0.384404	0.383219	0.386326	0.382385	0.346605	0.370132	0.483321	0.32006	0.366865	0.360902	0.41855	0.326066	0.409163	0.41477	0.351498	0.395442	0.324497	0.406903	0.319448	0.279799	0.327927	0.410184	0.242785	0.377502	0.356434	0.367027	0.43102	0.415278	0.38274	0.367065	0.285069	0.214562	0.364282	0.214171	0.377283	0.392455	0.399503	0.309045	0.253199	0.28466	0.210497	0.256535	0.400006	0.252352	0.375737	0.373278	0.355185	0.396677	0.298977	0.260027	0.282637	0.249966	0.280552	0.377309	0.315232	0.415542	0.488903	0.435827	0.390572	0.324877	0.317698	0.252106	0.251648	0.448708	0.397466	0.543118
CSI016    	0.289146	0.417467	0.397673	0.389039	0.149086	0.20221	0.27482	0.321292	0.2843	0.295138	0.401907	0.341053	0.44443	0.454662	0.291756	0	0.181463	0.338769	0.297226	0.31219	0.452183	0.380207	0.375506	0.406785	0.37904	0.308576	0.177582	0.260122	0.284628	0.360716	0.272729	0.341151	0.317684	0.413049	0.389892	0.464559	0.193902	0.241042	0.195681	0.238612	0.337689	0.302595	0.554243	0.396634	0.373213	0.325234	0.23746	0.280604	0.347963	0.514768	0.399726	0.41814	0.403938	0.297511	0.368422	0.3665	0.406591	0.287697	0.329221	0.44221	0.354401	0.364815	0.338499	0.340558	0.369489	0.341039	0.385637	0.389455	0.279788	0.449005	0.336555	0.318958	0.299629	0.421646	0.329659	0.393849	0.431623	0.336134	0.392078	0.301533	0.350367	0.328673	0.334828	0.393062	0.388946	0.385596	0.331512	0.32865	0.347575	0.385297	0.312149	0.292742	0.389713	0.367625	0.313526	0.316394	0.332679	0.368331	0.395257	0.418278	0.223715	0.235699	0.277247	0.314475	0.363647	0.381711	0.352975	0.357153	0.327531	0.342851	0.297891	0.207128	0.264656	0.28027	0.340671	0.382202	0.331966	0.276645	0.417335	0.510295	0.426734	0.338356	0.24026	0.212996	0.215775	0.359609	0.500759	0.348642	0.561421
CSI017    	0.244687	0.393217	0.35834	0.353567	0.19901	0.243285	0.206344	0.323137	0.270376	0.272794	0.36341	0.304949	0.386666	0.389049	0.27726	0.181463	0	0.307875	0.262743	0.29723	0.416814	0.328804	0.390968	0.384559	0.332083	0.297149	0.224444	0.233864	0.241931	0.317346	0.258566	0.341863	0.259601	0.359195	0.343079	0.429949	0.158207	0.18872	0.269609	0.258211	0.280666	0.322316	0.543763	0.401148	0.335726	0.365231	0.245294	0.295124	0.362623	0.509346	0.385699	0.391603	0.397777	0.309438	0.334378	0.339476	0.352212	0.244979	0.313656	0.415955	0.321065	0.327823	0.30178	0.345768	0.344606	0.343549	0.344334	0.374837	0.336372	0.450155	0.331679	0.291354	0.304179	0.390656	0.301327	0.346464	0.395347	0.324301	0.386947	0.290086	0.338625	0.353314	0.291047	0.368112	0.34242	0.329781	0.374672	0.338424	0.302507	0.364471	0.368812	0.32674	0.39455	0.318376	0.260835	0.332024	0.306357	0.296985	0.333675	0.401083	0.279467	0.286517	0.282793	0.269918	0.321782	0.33338	0.342927	0.338818	0.33256	0.31697	0.366274	0.286702	0.305042	0.261102	0.310559	0.329072	0.345561	0.295779	0.372452	0.44518	0.377584	0.38449	0.273121	0.280194	0.282642	0.364528	0.474779	0.310981	0.574615
CSI018    	0.258115	0.325706	0.338517	0.37809	0.360963	0.339104	0.30679	0.242851	0.289904	0.284223	0.395679	0.274524	0.403385	0.402097	0.250168	0.338769	0.307875	0	0.31104	0.379521	0.418333	0.291733	0.46855	0.439993	0.415437	0.389152	0.345906	0.19901	0.178199	0.250972	0.276382	0.375841	0.223861	0.36407	0.399025	0.459571	0.279885	0.265116	0.301484	0.236472	0.281422	0.397255	0.469362	0.332072	0.362924	0.392419	0.347309	0.290671	0.307768	0.418836	0.397306	0.292183	0.365277	0.299641	0.404291	0.39679	0.380089	0.33755	0.348267	0.367719	0.299821	0.30044	0.371318	0.317808	0.39258	0.408527	0.342115	0.281381	0.363614	0.444359	0.310654	0.337734	0.362292	0.380803	0.236086	0.377466	0.333711	0.351502	0.356036	0.242737	0.399888	0.33262	0.254611	0.229447	0.393057	0.224037	0.393663	0.359592	0.36198	0.371281	0.390037	0.370694	0.351019	0.280542	0.239582	0.373699	0.231054	0.381415	0.378439	0.360251	0.336901	0.298814	0.276201	0.273261	0.275398	0.403118	0.295896	0.387794	0.364281	0.377956	0.45298	0.371616	0.300947	0.259665	0.273512	0.311657	0.379859	0.315566	0.433272	0.452723	0.406923	0.449134	0.349766	0.359196	0.308842	0.306008	0.410605	0.40542	0.492517
CSI019    	0.231937	0.447749	0.420772	0.429092	0.30667	0.350593	0.274518	0.377843	0.281497	0.306978	0.42076	0.257848	0.44244	0.4448	0.239777	0.297226	0.262743	0.31104	0	0.41906	0.490578	0.27265	0.508577	0.466336	0.431188	0.37221	0.340896	0.289611	0.265539	0.309187	0.265636	0.436687	0.22382	0.420444	0.423096	0.501287	0.284893	0.281139	0.341704	0.312701	0.217243	0.447863	0.55855	0.454758	0.409562	0.443473	0.377156	0.377326	0.41304	0.54232	0.410814	0.377698	0.456736	0.350639	0.426523	0.431069	0.42123	0.295751	0.368864	0.455478	0.341929	0.341552	0.406923	0.339026	0.428932	0.430427	0.381045	0.400998	0.411426	0.403481	0.376219	0.348049	0.319522	0.440853	0.302563	0.408547	0.425504	0.407566	0.404956	0.342655	0.341474	0.412942	0.286366	0.36717	0.429177	0.317858	0.454146	0.419139	0.394808	0.365004	0.465145	0.312095	0.359868	0.29692	0.307715	0.429172	0.281	0.406089	0.413175	0.455105	0.337649	0.361283	0.315726	0.251972	0.349838	0.414015	0.370911	0.438339	0.429495	0.395202	0.472516	0.369134	0.378612	0.300243	0.361262	0.391089	0.444582	0.364243	0.422984	0.504516	0.448148	0.446471	0.382376	0.338207	0.365034	0.378416	0.482916	0.430792	0.61923
CSI020    	0.359841	0.265542	0.241119	0.182918	0.342892	0.309952	0.361493	0.354071	0.379276	0.351969	0.197039	0.42969	0.296591	0.274121	0.374321	0.31219	0.29723	0.379521	0.41906	0	0.258473	0.450389	0.198352	0.217412	0.222198	0.375719	0.300571	0.341649	0.396564	0.427423	0.343885	0.192813	0.39822	0.283859	0.188207	0.308357	0.288836	0.299701	0.322478	0.332477	0.434735	0.183192	0.556955	0.306311	0.246745	0.280847	0.30183	0.290147	0.372335	0.47495	0.437286	0.424276	0.327759	0.345502	0.281956	0.293145	0.276493	0.345416	0.337375	0.415269	0.38205	0.353349	0.271088	0.430156	0.275786	0.259411	0.308601	0.373618	0.338658	0.506623	0.368795	0.353249	0.399102	0.324895	0.401228	0.326654	0.35722	0.259884	0.381325	0.323555	0.412543	0.363987	0.401958	0.402175	0.281882	0.398237	0.2457	0.196909	0.232703	0.419581	0.374016	0.428359	0.472828	0.407031	0.33644	0.199248	0.400029	0.24871	0.273268	0.296894	0.328413	0.341997	0.374121	0.366409	0.399892	0.315344	0.373593	0.203188	0.201414	0.232849	0.355521	0.352189	0.309907	0.313776	0.341589	0.393477	0.242323	0.359152	0.368505	0.395519	0.318122	0.419166	0.285464	0.350911	0.309246	0.405661	0.501514	0.250319	0.502772
CSI021    	0.447446	0.334113	0.298089	0.193025	0.468886	0.43614	0.494832	0.387661	0.461107	0.430318	0.217226	0.447004	0.353117	0.311173	0.463145	0.452183	0.416814	0.418333	0.490578	0.258473	0	0.487519	0.242767	0.215004	0.277666	0.480526	0.424112	0.431472	0.459544	0.465781	0.424968	0.282846	0.447635	0.336733	0.247504	0.327924	0.399123	0.371264	0.454113	0.437622	0.464636	0.302	0.585968	0.323376	0.308869	0.37381	0.435763	0.391096	0.407324	0.510742	0.487457	0.443529	0.382502	0.462054	0.395399	0.366427	0.334284	0.451068	0.378817	0.477368	0.411307	0.408793	0.39668	0.480265	0.337593	0.356873	0.386852	0.429519	0.462707	0.546511	0.465282	0.476901	0.495639	0.331769	0.448597	0.394018	0.378205	0.388885	0.428986	0.385956	0.483355	0.47706	0.473078	0.437244	0.348687	0.443422	0.35168	0.285	0.329452	0.457581	0.466835	0.493447	0.52089	0.457947	0.436834	0.317411	0.478487	0.342278	0.34169	0.341254	0.463889	0.475844	0.476148	0.452795	0.467634	0.434325	0.462138	0.296544	0.332865	0.327205	0.440429	0.479424	0.418764	0.39959	0.436569	0.462019	0.347666	0.468063	0.458005	0.383936	0.340522	0.508804	0.374304	0.496164	0.434151	0.465934	0.492624	0.345033	0.498373
CSI022    	0.217259	0.407627	0.408997	0.439199	0.379821	0.417061	0.343327	0.34047	0.301956	0.291969	0.446356	0.232956	0.430169	0.455172	0.269273	0.380207	0.328804	0.291733	0.27265	0.450389	0.487519	0	0.534745	0.499209	0.457418	0.311249	0.391324	0.290123	0.237983	0.231455	0.269215	0.452561	0.222397	0.416074	0.451313	0.488643	0.343228	0.336624	0.371996	0.313673	0.233234	0.476215	0.51886	0.428468	0.437335	0.470144	0.418639	0.383407	0.36685	0.528362	0.417019	0.336032	0.451471	0.375359	0.464119	0.462342	0.441558	0.398768	0.396033	0.465795	0.348264	0.407712	0.453144	0.366247	0.453282	0.467441	0.419251	0.406055	0.4301	0.485408	0.389955	0.422164	0.424564	0.438719	0.316272	0.43874	0.419121	0.42773	0.424418	0.351028	0.422339	0.438639	0.318076	0.358555	0.454612	0.319008	0.473854	0.439116	0.430651	0.406419	0.472599	0.392199	0.395025	0.285627	0.312078	0.44392	0.28318	0.447863	0.445358	0.438409	0.41635	0.377636	0.334196	0.293045	0.355935	0.438347	0.395329	0.45139	0.439573	0.43585	0.51364	0.408304	0.36551	0.342678	0.359434	0.395403	0.453174	0.381186	0.438972	0.50516	0.469836	0.494851	0.42768	0.397522	0.367258	0.397809	0.464333	0.464097	0.572622
CSI023    	0.444649	0.386879	0.340926	0.250754	0.378469	0.335662	0.445811	0.396211	0.452787	0.423361	0.254009	0.510405	0.434485	0.403282	0.452259	0.375506	0.390968	0.46855	0.508577	0.198352	0.242767	0.534745	0	0.184325	0.243055	0.405008	0.350836	0.427272	0.477051	0.513317	0.423522	0.239756	0.491142	0.430919	0.271343	0.40163	0.379177	0.406314	0.374693	0.407944	0.525213	0.214074	0.60751	0.350207	0.318818	0.289703	0.322697	0.354733	0.447231	0.524709	0.516768	0.478843	0.36158	0.408199	0.342315	0.357901	0.352038	0.443379	0.402865	0.467699	0.461089	0.437465	0.354256	0.511287	0.322943	0.30564	0.40596	0.459431	0.375717	0.591286	0.462255	0.42302	0.481155	0.379651	0.489846	0.413117	0.437813	0.326109	0.446184	0.415596	0.49358	0.409054	0.475838	0.485335	0.353393	0.476352	0.222558	0.23325	0.331795	0.5	0.343606	0.504558	0.566119	0.493892	0.401147	0.225644	0.472191	0.323351	0.349382	0.332948	0.361678	0.390433	0.462665	0.446114	0.473607	0.396643	0.438343	0.222519	0.235438	0.302743	0.315386	0.385866	0.369607	0.41298	0.416292	0.423702	0.236134	0.366641	0.425045	0.436548	0.36773	0.403842	0.318028	0.400788	0.362667	0.456383	0.535892	0.295903	0.491401
CSI024    	0.416087	0.314951	0.282671	0.187441	0.434145	0.407776	0.448139	0.381973	0.425611	0.395545	0.202905	0.463583	0.360371	0.328598	0.429898	0.406785	0.384559	0.439993	0.466336	0.217412	0.215004	0.499209	0.184325	0	0.236569	0.448847	0.388428	0.403057	0.44302	0.484658	0.385794	0.242077	0.454644	0.381468	0.20336	0.30461	0.368326	0.350507	0.409467	0.40583	0.481517	0.252104	0.585375	0.325405	0.309573	0.360181	0.382843	0.362304	0.393852	0.506187	0.468194	0.463287	0.3627	0.424196	0.361875	0.33588	0.333593	0.407469	0.345674	0.449286	0.420496	0.4024	0.368664	0.472117	0.313324	0.350285	0.382667	0.431118	0.42647	0.538921	0.448255	0.431894	0.443135	0.361141	0.443917	0.38175	0.399694	0.357524	0.422901	0.381786	0.444245	0.445378	0.450895	0.457848	0.335182	0.44818	0.322639	0.251879	0.303558	0.461661	0.430504	0.466611	0.520048	0.456433	0.403161	0.278301	0.451054	0.311256	0.30798	0.337901	0.430163	0.437125	0.427145	0.421147	0.443396	0.409889	0.428156	0.251825	0.303754	0.268149	0.399842	0.4319	0.380044	0.370341	0.402762	0.441527	0.327693	0.434277	0.400724	0.410602	0.320686	0.4847	0.332177	0.442582	0.395342	0.435256	0.512388	0.313527	0.500494
CSI025    	0.371927	0.339347	0.331802	0.218561	0.388155	0.375739	0.392007	0.402646	0.399929	0.374339	0.215041	0.439357	0.341173	0.344662	0.390568	0.37904	0.332083	0.415437	0.431188	0.222198	0.277666	0.457418	0.243055	0.236569	0	0.40318	0.344958	0.370704	0.416076	0.444273	0.361236	0.190582	0.412401	0.333082	0.197443	0.331889	0.336139	0.338725	0.387838	0.37182	0.434762	0.23004	0.564183	0.343698	0.311221	0.349725	0.365303	0.373327	0.420343	0.521708	0.452614	0.460032	0.37368	0.399028	0.31828	0.324248	0.346209	0.386693	0.364266	0.452663	0.408424	0.407978	0.326836	0.469875	0.28995	0.306007	0.336539	0.449746	0.416126	0.517494	0.420156	0.401701	0.436128	0.350655	0.417879	0.350951	0.402523	0.317795	0.42538	0.39352	0.432357	0.442445	0.427858	0.458693	0.306971	0.426567	0.303867	0.256444	0.289221	0.443198	0.438945	0.456481	0.494417	0.408678	0.374027	0.265648	0.429166	0.289178	0.331735	0.335669	0.400525	0.414463	0.404516	0.391697	0.428137	0.35403	0.420516	0.233936	0.289992	0.297826	0.41592	0.405506	0.383577	0.371497	0.386758	0.423961	0.274948	0.428552	0.366611	0.411981	0.350248	0.463196	0.357015	0.406527	0.388916	0.452105	0.540979	0.288019	0.54796
CSI026    	0.337335	0.490033	0.448446	0.443517	0.272318	0.307853	0.319384	0.435593	0.362895	0.385749	0.447837	0.400638	0.48278	0.497741	0.359051	0.308576	0.297149	0.389152	0.37221	0.375719	0.480526	0.311249	0.405008	0.448847	0.40318	0	0.286263	0.355402	0.347675	0.396255	0.388258	0.417618	0.392028	0.470017	0.424871	0.512386	0.303883	0.345599	0.371835	0.350493	0.39238	0.356751	0.586413	0.45413	0.421386	0.421642	0.330149	0.377822	0.46281	0.51659	0.449207	0.429572	0.457629	0.392399	0.381268	0.406328	0.438832	0.384581	0.447432	0.468911	0.416445	0.418122	0.368822	0.454399	0.433957	0.415802	0.434601	0.462127	0.356741	0.53251	0.385282	0.399372	0.423558	0.473286	0.426539	0.435936	0.482576	0.380817	0.466321	0.40955	0.426116	0.387932	0.387893	0.455071	0.433053	0.414539	0.427081	0.422228	0.407761	0.425404	0.349036	0.430261	0.51072	0.400093	0.346443	0.399151	0.361161	0.392832	0.425594	0.472362	0.36347	0.386048	0.41219	0.347333	0.409772	0.380804	0.43357	0.432245	0.39764	0.426757	0.35749	0.358538	0.389498	0.389184	0.406695	0.419353	0.416532	0.353375	0.410255	0.515983	0.446043	0.398813	0.320846	0.367915	0.374532	0.44667	0.557284	0.382796	0.60569
CSI027    	0.314642	0.416231	0.39355	0.366246	0.162143	0.157841	0.314671	0.33885	0.314487	0.31028	0.379451	0.372003	0.41363	0.423192	0.281368	0.177582	0.224444	0.345906	0.340896	0.300571	0.424112	0.391324	0.350836	0.388428	0.344958	0.286263	0	0.260076	0.325833	0.381122	0.25938	0.339625	0.345612	0.392844	0.360199	0.448447	0.173527	0.233009	0.213215	0.272167	0.377529	0.259977	0.56111	0.373646	0.35704	0.315345	0.250377	0.287358	0.361769	0.486069	0.386579	0.433712	0.396229	0.297129	0.341825	0.361911	0.378569	0.331685	0.347984	0.433518	0.366953	0.360918	0.320134	0.413947	0.353014	0.329527	0.383411	0.402815	0.303411	0.495888	0.345795	0.349668	0.34512	0.409128	0.362352	0.364378	0.422489	0.335626	0.402446	0.327385	0.369592	0.331238	0.369626	0.414804	0.351038	0.395131	0.32878	0.333472	0.324696	0.397098	0.3432	0.366278	0.426942	0.387663	0.33021	0.323379	0.352036	0.339782	0.357197	0.411928	0.250542	0.242385	0.328664	0.309617	0.370486	0.374406	0.336206	0.354359	0.331828	0.333133	0.265634	0.209394	0.271478	0.283107	0.332259	0.393172	0.335711	0.31822	0.398052	0.465013	0.387983	0.319964	0.191896	0.244325	0.209357	0.361108	0.501218	0.317344	0.561174
CSI028    	0.206618	0.368386	0.35985	0.379306	0.277144	0.272335	0.254699	0.250312	0.233949	0.184168	0.384877	0.260171	0.410021	0.414561	0.217411	0.260122	0.233864	0.19901	0.289611	0.341649	0.431472	0.290123	0.427272	0.403057	0.370704	0.355402	0.260076	0	0.160596	0.282064	0.202612	0.337519	0.238009	0.379484	0.364695	0.464981	0.213401	0.242422	0.204268	0.173083	0.273275	0.358419	0.518972	0.354683	0.341451	0.369563	0.30177	0.279126	0.320205	0.469281	0.403693	0.339282	0.37595	0.287455	0.371295	0.360097	0.37594	0.325819	0.336568	0.383672	0.283916	0.318848	0.344643	0.361379	0.354114	0.367496	0.357017	0.33783	0.336482	0.45662	0.341667	0.334222	0.328894	0.397995	0.279932	0.376032	0.381195	0.325522	0.365412	0.282085	0.37918	0.339232	0.283086	0.307883	0.364519	0.28421	0.373617	0.325058	0.338933	0.402176	0.370348	0.33537	0.39599	0.284993	0.23151	0.33933	0.238045	0.350307	0.354606	0.379769	0.303871	0.280398	0.269933	0.235192	0.324202	0.380062	0.308862	0.349281	0.34592	0.333624	0.393324	0.30916	0.248367	0.225005	0.272705	0.3168	0.365472	0.275359	0.400662	0.468774	0.407143	0.402956	0.292679	0.298764	0.243246	0.290358	0.399344	0.360328	0.53055
CSI029    	0.216148	0.375611	0.367578	0.405642	0.294358	0.346271	0.235928	0.25405	0.226766	0.22726	0.407591	0.212632	0.416388	0.437455	0.24877	0.284628	0.241931	0.178199	0.265539	0.396564	0.459544	0.237983	0.477051	0.44302	0.416076	0.347675	0.325833	0.160596	0	0.246501	0.235925	0.38337	0.200138	0.398745	0.405333	0.464855	0.255011	0.272755	0.262373	0.199424	0.225327	0.421676	0.503	0.374652	0.383415	0.416264	0.344727	0.313043	0.315881	0.486852	0.392468	0.320008	0.396587	0.310646	0.407406	0.399088	0.405022	0.328029	0.352138	0.402928	0.299091	0.356555	0.393713	0.325284	0.408038	0.425083	0.378316	0.357838	0.364384	0.4403	0.341467	0.357207	0.345137	0.422352	0.253629	0.397854	0.38888	0.374374	0.386367	0.272922	0.360882	0.371577	0.250497	0.309005	0.407772	0.279447	0.416083	0.375224	0.38695	0.373579	0.391581	0.31132	0.372085	0.268716	0.257486	0.386289	0.237298	0.392913	0.392455	0.386839	0.352732	0.302749	0.255852	0.263916	0.30448	0.4146	0.346883	0.401188	0.383999	0.389037	0.443397	0.337614	0.301398	0.268946	0.294988	0.342842	0.403312	0.301583	0.421328	0.480783	0.426372	0.444469	0.355266	0.333746	0.295892	0.326938	0.425422	0.411191	0.539691
CSI030    	0.249037	0.373423	0.385034	0.425713	0.379015	0.395978	0.354148	0.321907	0.274453	0.275738	0.436644	0.242977	0.418801	0.434409	0.1901	0.360716	0.317346	0.250972	0.309187	0.427423	0.465781	0.231455	0.513317	0.484658	0.444273	0.396255	0.381122	0.282064	0.246501	0	0.23407	0.436845	0.225014	0.389245	0.439346	0.466131	0.326208	0.326956	0.35745	0.294369	0.255471	0.450133	0.427836	0.407652	0.419669	0.451198	0.391638	0.356836	0.329232	0.431967	0.421709	0.303791	0.430264	0.335583	0.446861	0.441541	0.431081	0.383725	0.37683	0.381286	0.315862	0.372359	0.435291	0.354493	0.440069	0.460194	0.406798	0.334646	0.411473	0.485895	0.339797	0.411296	0.425927	0.421558	0.299179	0.421285	0.39492	0.412733	0.404371	0.322696	0.414267	0.351646	0.301799	0.29813	0.44331	0.239247	0.460435	0.425301	0.416982	0.404862	0.461008	0.378962	0.355326	0.258454	0.259568	0.426764	0.248502	0.431602	0.43155	0.42092	0.403172	0.339212	0.313081	0.264335	0.254902	0.447342	0.315078	0.433099	0.425937	0.426253	0.494327	0.389854	0.31378	0.323124	0.268796	0.307172	0.440875	0.36875	0.454529	0.480644	0.45204	0.486062	0.402852	0.392118	0.337945	0.301703	0.424455	0.449288	0.537787
CSI031    	0.203207	0.377481	0.355162	0.366382	0.282939	0.294516	0.323637	0.270699	0.245359	0.195558	0.371703	0.252974	0.408226	0.414136	0.161659	0.272729	0.258566	0.276382	0.265636	0.343885	0.424968	0.269215	0.423522	0.385794	0.361236	0.388258	0.25938	0.202612	0.235925	0.23407	0	0.347699	0.245222	0.385762	0.354715	0.445158	0.241974	0.252584	0.234336	0.227386	0.294518	0.361402	0.503201	0.366113	0.348671	0.358032	0.334646	0.308755	0.315689	0.471405	0.397724	0.351735	0.379571	0.288985	0.39154	0.365143	0.368486	0.355421	0.327271	0.396779	0.309316	0.347251	0.375893	0.378315	0.348972	0.381489	0.377524	0.369242	0.363194	0.480189	0.347137	0.359804	0.353436	0.390721	0.319642	0.385638	0.403221	0.354985	0.39456	0.313882	0.389973	0.357414	0.298352	0.343174	0.36903	0.283038	0.363985	0.333458	0.347294	0.425954	0.412608	0.350668	0.372923	0.282105	0.259633	0.342822	0.247534	0.369639	0.359658	0.38268	0.318646	0.27605	0.26826	0.219039	0.290311	0.405393	0.294769	0.347024	0.359192	0.324528	0.377316	0.293055	0.24276	0.254467	0.262903	0.32092	0.370204	0.318375	0.425112	0.469969	0.400748	0.411873	0.297859	0.326976	0.234417	0.280107	0.42312	0.364871	0.529504
CSI032    	0.366998	0.305929	0.261208	0.243193	0.384943	0.354188	0.416453	0.349264	0.37776	0.340185	0.243733	0.412342	0.362556	0.322296	0.384167	0.341151	0.341863	0.375841	0.436687	0.192813	0.282846	0.452561	0.239756	0.242077	0.190582	0.417618	0.339625	0.337519	0.38337	0.436845	0.347699	0	0.407079	0.35556	0.204376	0.338398	0.331857	0.32941	0.343218	0.33715	0.440179	0.236995	0.569472	0.303456	0.28336	0.280704	0.362323	0.314788	0.352479	0.488615	0.474836	0.428616	0.32209	0.364805	0.333022	0.293454	0.345369	0.399115	0.351118	0.442592	0.391742	0.39743	0.328567	0.432302	0.286594	0.29874	0.337526	0.411767	0.356431	0.516465	0.399229	0.392117	0.423659	0.344023	0.405793	0.358599	0.375478	0.303676	0.418647	0.33835	0.451922	0.400671	0.4012	0.411769	0.290185	0.409846	0.248695	0.183232	0.286067	0.459616	0.383327	0.42767	0.49382	0.441116	0.35508	0.210232	0.396917	0.311906	0.34	0.289459	0.376151	0.3708	0.386957	0.385059	0.420818	0.373317	0.397771	0.213755	0.223393	0.271367	0.373667	0.361147	0.321375	0.338713	0.366136	0.411981	0.229403	0.377352	0.407089	0.425708	0.347598	0.454133	0.314216	0.379608	0.325094	0.412873	0.512933	0.283731	0.484488
CSI033    	0.179702	0.376126	0.365173	0.384486	0.327062	0.362799	0.297638	0.285312	0.263571	0.238706	0.387629	0.219932	0.384471	0.40611	0.236935	0.317684	0.259601	0.223861	0.22382	0.39822	0.447635	0.222397	0.491142	0.454644	0.412401	0.392028	0.345612	0.238009	0.200138	0.225014	0.245222	0.407079	0	0.350517	0.411768	0.459278	0.263858	0.259195	0.311139	0.242916	0.176568	0.425787	0.488944	0.380373	0.37116	0.427473	0.346275	0.33211	0.33624	0.486675	0.359142	0.310825	0.409095	0.320141	0.399953	0.421483	0.374279	0.315735	0.325063	0.415495	0.295638	0.312248	0.394696	0.314011	0.391939	0.408941	0.341568	0.338301	0.369172	0.438919	0.348683	0.34456	0.3462	0.375875	0.218406	0.37161	0.350987	0.367559	0.340946	0.278953	0.380325	0.38502	0.254627	0.280998	0.405766	0.248611	0.431372	0.388903	0.362652	0.35824	0.418161	0.341352	0.351087	0.200972	0.270485	0.393526	0.250062	0.375896	0.376352	0.385559	0.327656	0.304987	0.257383	0.264243	0.309897	0.400655	0.339826	0.402951	0.385968	0.376582	0.462877	0.359528	0.321924	0.260957	0.313798	0.343374	0.40924	0.29577	0.409082	0.45006	0.404392	0.442423	0.377151	0.333256	0.318499	0.339976	0.420832	0.422296	0.542089
CSI034    	0.382245	0.261991	0.282202	0.249878	0.446137	0.415602	0.421421	0.401995	0.420882	0.416206	0.276186	0.398355	0.173738	0.21763	0.409987	0.413049	0.359195	0.36407	0.420444	0.283859	0.336733	0.416074	0.430919	0.381468	0.333082	0.470017	0.392844	0.379484	0.398745	0.389245	0.385762	0.35556	0.350517	0	0.294455	0.287917	0.354445	0.318336	0.424933	0.414129	0.389656	0.312071	0.529874	0.346542	0.284167	0.413194	0.402401	0.397921	0.383437	0.49828	0.372675	0.43909	0.398959	0.427618	0.363347	0.367249	0.28547	0.369291	0.320606	0.459137	0.376627	0.389376	0.352293	0.410186	0.304722	0.344487	0.260373	0.376258	0.453442	0.491869	0.401877	0.422205	0.431454	0.289394	0.366908	0.308454	0.305495	0.335952	0.355576	0.345674	0.430059	0.449922	0.4167	0.389575	0.323779	0.397308	0.431386	0.362479	0.258108	0.389931	0.505495	0.459393	0.430664	0.35942	0.411207	0.364012	0.438652	0.28487	0.265489	0.346835	0.41091	0.424361	0.38553	0.406427	0.412716	0.371797	0.428022	0.347626	0.365171	0.315217	0.496502	0.451868	0.420342	0.356596	0.394758	0.460375	0.383463	0.46469	0.372047	0.33452	0.319814	0.527337	0.407038	0.43553	0.41576	0.458732	0.480475	0.35703	0.538684
