129
CSI001    	0	0.380064	0.370862	0.350035	0.300533	0.306646	0.34695	0.23346	0.231018	0.14834	0.366039	0.206537	0.423702	0.39811	0.197258	0.312792	0.272889	0.237774	0.284499	0.337839	0.423296	0.211859	0.421816	0.405294	0.357885	0.359264	0.333231	0.181047	0.221239	0.19657	0.177259	0.319531	0.180957	0.377672	0.383719	0.429247	0.288902	0.333599	0.241015	0.235895	0.211799	0.359945	0.500202	0.321571	0.320241	0.361607	0.30433	0.280774	0.317962	0.464552	0.394165	0.303787	0.347215	0.29678	0.371295	0.355023	0.349996	0.365599	0.311565	0.355839	0.298325	0.289335	0.361082	0.492986	0.344224	0.37596	0.357221	0.345629	0.332572	0.477865	0.356431	0.469517	0.368528	0.340133	0.333354	0.349197	0.328221	0.301661	0.340731	0.326089	0.348751	0.349225	0.373624	0.338421	0.435218	0.266222	0.374083	0.326582	0.299237	0.40234	0.355484	0.338657	0.426452	0.25479	0.249972	0.329981	0.219073	0.325679	0.331658	0.340862	0.301235	0.292861	0.303812	0.212794	0.274306	0.394857	0.28202	0.326718	0.341236	0.31581	0.475492	0.281119	0.272624	0.224127	0.437325	0.272749	0.333991	0.293171	0.367301	0.44224	0.391119	0.390636	0.345686	0.329132	0.253722	0.290952	0.411296	0.337584	0.536117
CSI002    	0.380064	0	0.183406	0.275988	0.421979	0.387591	0.564461	0.295424	0.409745	0.391328	0.300352	0.354041	0.207947	0.188601	0.438199	0.408746	0.366413	0.364504	0.404916	0.284866	0.359851	0.415156	0.418507	0.362483	0.361388	0.414175	0.395594	0.404657	0.424854	0.361294	0.364954	0.324398	0.41887	0.246018	0.313607	0.291735	0.37899	0.339285	0.441965	0.461264	0.394903	0.351109	0.529864	0.289457	0.329166	0.388638	0.412127	0.318575	0.302279	0.555585	0.447839	0.38585	0.33818	0.383636	0.469508	0.411751	0.310718	0.375479	0.351375	0.393588	0.364259	0.399816	0.461913	0.451425	0.392257	0.474256	0.324453	0.343007	0.484403	0.457742	0.466449	0.473103	0.407836	0.335051	0.34711	0.357741	0.308942	0.358299	0.404798	0.280871	0.429911	0.403151	0.3686	0.352948	0.373711	0.391547	0.357539	0.293502	0.308526	0.435146	0.439009	0.5056	0.43799	0.485403	0.378455	0.308671	0.395444	0.389716	0.337897	0.282187	0.388749	0.379052	0.373473	0.440547	0.411581	0.489721	0.493121	0.287079	0.339971	0.305446	0.49021	0.440621	0.406243	0.356027	0.432869	0.410766	0.341641	0.49874	0.494376	0.395802	0.371442	0.533329	0.330776	0.453357	0.398056	0.47253	0.484287	0.322268	0.446404
CSI003    	0.370862	0.183406	0	0.260439	0.422794	0.385348	0.520458	0.306792	0.393718	0.384223	0.269114	0.367401	0.254678	0.194222	0.422374	0.410603	0.359115	0.384967	0.407313	0.244955	0.324108	0.411538	0.372706	0.310726	0.339625	0.404666	0.394596	0.395744	0.423847	0.353748	0.354911	0.284235	0.406047	0.252962	0.296347	0.287524	0.374792	0.341644	0.427585	0.449029	0.385576	0.346624	0.559462	0.303659	0.288843	0.349373	0.398286	0.32005	0.312609	0.544415	0.446763	0.395419	0.328493	0.380051	0.441298	0.390426	0.266471	0.370172	0.298227	0.391606	0.343647	0.359342	0.426353	0.479814	0.347938	0.415368	0.31521	0.341774	0.451066	0.488561	0.436178	0.458683	0.406907	0.311589	0.373358	0.358223	0.337586	0.33987	0.37175	0.313624	0.417506	0.396871	0.399971	0.367371	0.383381	0.362856	0.350848	0.269795	0.270467	0.437223	0.428635	0.482957	0.45331	0.450395	0.355147	0.274305	0.395828	0.352009	0.305401	0.252145	0.382808	0.382196	0.381879	0.408988	0.389399	0.441704	0.459915	0.243967	0.307195	0.253948	0.47168	0.431826	0.378686	0.335306	0.416864	0.377717	0.299379	0.468918	0.475559	0.410016	0.335536	0.493923	0.311517	0.433263	0.384153	0.437897	0.46073	0.308318	0.481286
CSI004    	0.350035	0.275988	0.260439	0	0.411639	0.400673	0.471075	0.366787	0.416727	0.374403	0.140282	0.390008	0.278477	0.267497	0.403525	0.419084	0.372468	0.383184	0.43619	0.183289	0.191274	0.400082	0.250226	0.209562	0.194847	0.421354	0.400037	0.378418	0.425809	0.377217	0.340079	0.241237	0.38784	0.249129	0.223278	0.273773	0.375081	0.361405	0.40846	0.424198	0.387564	0.244569	0.569035	0.294522	0.264417	0.360424	0.411033	0.363053	0.352974	0.482477	0.412369	0.429299	0.364909	0.431524	0.38275	0.363514	0.273429	0.404527	0.301594	0.403959	0.388472	0.370341	0.392426	0.534037	0.299108	0.333899	0.339727	0.394437	0.44792	0.531247	0.418593	0.506273	0.439473	0.282538	0.426232	0.337576	0.363652	0.352742	0.348779	0.380113	0.418726	0.414483	0.469099	0.42569	0.410157	0.394669	0.332189	0.249314	0.224041	0.460735	0.467491	0.450626	0.482471	0.403841	0.408188	0.291976	0.416719	0.276931	0.26647	0.281426	0.421144	0.429234	0.410053	0.392341	0.413365	0.403646	0.413835	0.231208	0.30834	0.251793	0.501423	0.412289	0.379939	0.324134	0.471618	0.389758	0.317081	0.479551	0.38662	0.360832	0.307628	0.468856	0.347684	0.443441	0.367253	0.429437	0.481043	0.300582	0.528171
CSI005    	0.300533	0.421979	0.422794	0.411639	0	0.164113	0.340302	0.35921	0.298044	0.316736	0.443025	0.369946	0.391271	0.437131	0.319584	0.17455	0.161115	0.353396	0.220392	0.345767	0.47318	0.374064	0.446488	0.46601	0.41103	0.205415	0.157826	0.272771	0.345918	0.321363	0.278697	0.398146	0.356789	0.400184	0.452938	0.499999	0.174935	0.240808	0.314515	0.290966	0.356553	0.379324	0.586291	0.409422	0.414198	0.407747	0.211594	0.31025	0.412737	0.428722	0.328192	0.382274	0.435598	0.265948	0.377998	0.406218	0.388766	0.284016	0.411885	0.273633	0.349222	0.323883	0.384208	0.401299	0.423721	0.374318	0.348124	0.306408	0.339671	0.363571	0.313741	0.370477	0.278139	0.438463	0.295669	0.385958	0.440144	0.304144	0.378428	0.310577	0.304754	0.264157	0.326091	0.301079	0.351283	0.34498	0.421001	0.406894	0.363835	0.280276	0.341037	0.358755	0.324313	0.372554	0.261359	0.404252	0.298478	0.373857	0.394192	0.417421	0.237466	0.196196	0.247406	0.2783	0.282587	0.407917	0.329644	0.394585	0.419239	0.396087	0.363479	0.289802	0.320259	0.297415	0.377657	0.287351	0.39897	0.373404	0.390817	0.525761	0.468962	0.358096	0.219823	0.296051	0.284273	0.34625	0.494293	0.335193	0.617343
CSI006    	0.306646	0.387591	0.385348	0.400673	0.164113	0	0.387928	0.334767	0.314409	0.316616	0.429044	0.375906	0.399047	0.414174	0.286313	0.241355	0.201369	0.350947	0.285463	0.32943	0.449667	0.39203	0.409792	0.45755	0.410999	0.228407	0.17451	0.272805	0.370721	0.33066	0.279976	0.392423	0.383132	0.384856	0.452	0.498153	0.210705	0.243543	0.266627	0.316068	0.378334	0.366428	0.59929	0.395025	0.383461	0.337922	0.222981	0.275716	0.402734	0.466048	0.377536	0.36611	0.40918	0.192031	0.394746	0.403255	0.362279	0.333954	0.373304	0.290519	0.330001	0.315694	0.392043	0.427275	0.400863	0.364495	0.330438	0.309685	0.340934	0.417829	0.359099	0.399411	0.322192	0.400899	0.326059	0.382788	0.414649	0.289738	0.360039	0.29095	0.340546	0.242574	0.355173	0.321811	0.371664	0.335609	0.3649	0.378367	0.341133	0.348667	0.319001	0.380403	0.371329	0.39725	0.242605	0.366703	0.287246	0.355456	0.37283	0.376319	0.215642	0.184104	0.29259	0.258571	0.283427	0.411292	0.273383	0.355675	0.369272	0.366306	0.385885	0.228669	0.233954	0.256368	0.382864	0.254163	0.343056	0.34401	0.417061	0.516805	0.464408	0.304065	0.190409	0.269616	0.202186	0.294027	0.473857	0.315713	0.578788
CSI007    	0.34695	0.564461	0.520458	0.471075	0.340302	0.387928	0	0.480801	0.365913	0.373423	0.458497	0.427543	0.527071	0.530944	0.338345	0.428957	0.362735	0.348654	0.396663	0.423002	0.5242	0.342904	0.453448	0.480077	0.414633	0.373148	0.437968	0.307439	0.28537	0.409311	0.414834	0.456086	0.340862	0.494281	0.464562	0.531527	0.420884	0.487706	0.344941	0.327519	0.359885	0.408741	0.571887	0.514522	0.430418	0.461208	0.322509	0.446218	0.493861	0.405833	0.460234	0.437729	0.50115	0.414511	0.371246	0.428257	0.465848	0.392711	0.451053	0.399399	0.449854	0.416587	0.363062	0.600154	0.446581	0.394028	0.478167	0.484394	0.386228	0.54533	0.354166	0.54013	0.454579	0.50316	0.478763	0.458188	0.504003	0.392675	0.453523	0.497255	0.379597	0.391273	0.492735	0.486735	0.565299	0.380535	0.475821	0.457299	0.416617	0.390945	0.379649	0.310402	0.448998	0.314406	0.340184	0.422289	0.347674	0.384575	0.439677	0.517814	0.365473	0.384172	0.404104	0.366307	0.367239	0.336675	0.336163	0.463095	0.436826	0.441035	0.568199	0.384617	0.407574	0.394379	0.526776	0.351065	0.432671	0.36764	0.352466	0.530672	0.475346	0.450303	0.44955	0.316452	0.405388	0.399201	0.543994	0.405529	0.703805
CSI008    	0.23346	0.295424	0.306792	0.366787	0.35921	0.334767	0.480801	0	0.29135	0.249242	0.38503	0.252909	0.414112	0.375548	0.332277	0.341718	0.311779	0.263235	0.337879	0.364322	0.407775	0.289151	0.439445	0.42081	0.420133	0.400659	0.348834	0.270189	0.282084	0.233533	0.241036	0.362513	0.301134	0.385052	0.421826	0.444262	0.302556	0.294667	0.300923	0.322494	0.296856	0.415745	0.531442	0.285468	0.353279	0.341647	0.334458	0.233599	0.283245	0.554536	0.418256	0.242619	0.273393	0.331928	0.453898	0.409724	0.339624	0.398255	0.313047	0.399607	0.292898	0.318006	0.449434	0.464347	0.376326	0.427368	0.363393	0.328762	0.383274	0.472677	0.415791	0.435706	0.392972	0.327291	0.311832	0.366467	0.328659	0.350296	0.355085	0.264855	0.37297	0.377603	0.311657	0.324597	0.396524	0.323532	0.35312	0.330534	0.344713	0.423754	0.344796	0.427145	0.448558	0.368423	0.285997	0.350415	0.290602	0.393155	0.352714	0.28959	0.354351	0.31782	0.353334	0.318526	0.332078	0.475797	0.382601	0.336708	0.340307	0.345055	0.452213	0.356693	0.309899	0.269543	0.413518	0.316002	0.32909	0.364948	0.460561	0.458563	0.405079	0.435314	0.315374	0.417471	0.304046	0.344627	0.392483	0.345377	0.448019
CSI009    	0.231018	0.409745	0.393718	0.416727	0.298044	0.314409	0.365913	0.29135	0	0.216107	0.431941	0.244089	0.442339	0.43918	0.292563	0.316507	0.276369	0.274844	0.278109	0.382441	0.475736	0.278152	0.490332	0.473978	0.429104	0.331998	0.337892	0.232782	0.263067	0.199941	0.242888	0.388522	0.275908	0.399763	0.448868	0.466749	0.309425	0.342738	0.334463	0.314311	0.267218	0.442959	0.518171	0.381249	0.391734	0.442798	0.308932	0.308116	0.332363	0.48029	0.355716	0.314894	0.39788	0.308099	0.417149	0.386089	0.377315	0.347267	0.382048	0.362769	0.232501	0.304983	0.403361	0.467959	0.425377	0.434762	0.369835	0.333512	0.399038	0.428114	0.338079	0.450584	0.361448	0.402544	0.345494	0.376658	0.385625	0.317878	0.34821	0.339479	0.281341	0.343996	0.3741	0.337191	0.436415	0.270614	0.450295	0.41096	0.366073	0.331023	0.384222	0.303867	0.396423	0.31975	0.243029	0.406764	0.269185	0.378594	0.378724	0.366998	0.366911	0.335224	0.301544	0.254514	0.244237	0.433491	0.362687	0.382906	0.418717	0.402465	0.487448	0.310797	0.334791	0.290059	0.418803	0.322307	0.406247	0.387493	0.417653	0.505605	0.457778	0.462642	0.36044	0.336818	0.323905	0.310367	0.443371	0.351765	0.566518
CSI010    	0.14834	0.391328	0.384223	0.374403	0.316736	0.316616	0.373423	0.249242	0.216107	0	0.383576	0.237311	0.452912	0.421767	0.247978	0.336015	0.304079	0.272278	0.352004	0.350671	0.433676	0.248773	0.429564	0.414424	0.378532	0.375637	0.341048	0.158157	0.237813	0.224798	0.194076	0.328445	0.255012	0.421116	0.398141	0.448664	0.316264	0.358132	0.257071	0.253464	0.275089	0.380117	0.525323	0.331729	0.341058	0.380278	0.310336	0.292968	0.323216	0.487041	0.43159	0.294789	0.362156	0.325352	0.387296	0.356276	0.373009	0.408101	0.335409	0.372171	0.297277	0.327452	0.384641	0.502863	0.363826	0.38995	0.39834	0.37295	0.36228	0.489557	0.381971	0.489345	0.409507	0.375394	0.367104	0.394507	0.372143	0.319055	0.3655	0.348104	0.382908	0.363902	0.399447	0.374234	0.448454	0.303274	0.386316	0.338443	0.333483	0.43465	0.356398	0.331295	0.466543	0.307887	0.259655	0.342517	0.242402	0.336027	0.35513	0.35804	0.353873	0.327054	0.343822	0.237992	0.320245	0.420882	0.314809	0.333581	0.359556	0.339621	0.478152	0.295671	0.268838	0.25475	0.442432	0.293719	0.353127	0.330966	0.39848	0.478049	0.401858	0.412479	0.345101	0.343535	0.266144	0.296239	0.39211	0.334611	0.540262
CSI011    	0.366039	0.300352	0.269114	0.140282	0.443025	0.429044	0.458497	0.38503	0.431941	0.383576	0	0.427483	0.317301	0.291596	0.395043	0.443303	0.402511	0.399408	0.465338	0.204029	0.195089	0.395337	0.224194	0.179123	0.175367	0.447827	0.436214	0.385038	0.412325	0.417842	0.359352	0.227473	0.388682	0.308001	0.15872	0.278982	0.410648	0.404217	0.40047	0.424418	0.436165	0.237296	0.572218	0.305626	0.232469	0.335451	0.43193	0.38527	0.360577	0.511945	0.459547	0.449749	0.344658	0.456085	0.358762	0.347835	0.273592	0.447274	0.299927	0.427869	0.425424	0.410738	0.390448	0.558728	0.256247	0.302598	0.365873	0.426396	0.447971	0.5437	0.459437	0.535656	0.48116	0.283861	0.468167	0.372555	0.383095	0.360606	0.366261	0.42936	0.456997	0.435889	0.497887	0.466104	0.433836	0.430473	0.306776	0.214285	0.257237	0.495886	0.485135	0.448284	0.517988	0.390638	0.417647	0.252572	0.441823	0.30872	0.291515	0.304772	0.4579	0.458912	0.429315	0.407461	0.440023	0.3915	0.40967	0.225758	0.281611	0.240357	0.527231	0.430981	0.389914	0.368289	0.507288	0.42207	0.295805	0.46938	0.377912	0.345923	0.26637	0.502956	0.372582	0.447334	0.406551	0.428175	0.50374	0.30651	0.519753
CSI012    	0.206537	0.354041	0.367401	0.390008	0.369946	0.375906	0.427543	0.252909	0.244089	0.237311	0.427483	0	0.415069	0.404254	0.258566	0.378283	0.342756	0.253646	0.292615	0.399591	0.445404	0.194479	0.503668	0.474194	0.436461	0.400164	0.389753	0.242755	0.216607	0.162983	0.218932	0.368439	0.236141	0.381413	0.436702	0.409873	0.343663	0.337105	0.324987	0.340711	0.189172	0.443944	0.459946	0.331213	0.401331	0.426274	0.405601	0.315521	0.289958	0.497032	0.390963	0.329427	0.383367	0.352866	0.456179	0.40187	0.392658	0.409838	0.372045	0.42808	0.284743	0.348628	0.443741	0.496764	0.427463	0.471695	0.396836	0.365459	0.428942	0.456202	0.367345	0.493359	0.411264	0.367239	0.34563	0.374345	0.33393	0.371972	0.384608	0.330204	0.309379	0.411132	0.378755	0.353707	0.437361	0.297681	0.428335	0.381025	0.371414	0.36161	0.436749	0.34682	0.393382	0.356217	0.325911	0.392148	0.297618	0.422903	0.394362	0.347627	0.426549	0.392765	0.37289	0.29124	0.30352	0.482285	0.381207	0.391747	0.40409	0.402433	0.528773	0.313383	0.327675	0.291445	0.455602	0.356148	0.396001	0.417181	0.47194	0.473579	0.454496	0.497981	0.393677	0.405044	0.311234	0.37238	0.427025	0.408206	0.527915
CSI013    	0.423702	0.207947	0.254678	0.278477	0.391271	0.399047	0.527071	0.414112	0.442339	0.452912	0.317301	0.415069	0	0.184385	0.466938	0.404885	0.34208	0.440359	0.378174	0.283663	0.379459	0.456996	0.447994	0.39773	0.34061	0.376189	0.374634	0.445909	0.485805	0.402796	0.400498	0.370426	0.447128	0.175387	0.319481	0.291014	0.360128	0.327018	0.490563	0.523019	0.403302	0.342189	0.54305	0.384127	0.35001	0.467313	0.39016	0.420799	0.425408	0.518402	0.410954	0.497763	0.436674	0.44121	0.421966	0.407867	0.294635	0.325494	0.400149	0.37097	0.382888	0.422366	0.4286	0.456105	0.39988	0.462666	0.311477	0.34978	0.542896	0.428154	0.45857	0.463662	0.360555	0.359765	0.371335	0.324145	0.360554	0.36689	0.432183	0.341367	0.407016	0.427873	0.4284	0.387134	0.357935	0.396887	0.468202	0.402742	0.294646	0.380944	0.53382	0.529609	0.375454	0.478182	0.424467	0.398341	0.484232	0.365546	0.307819	0.335846	0.381215	0.397498	0.344841	0.455306	0.40776	0.448757	0.488701	0.362902	0.428548	0.355885	0.462991	0.479954	0.469037	0.39008	0.396544	0.423641	0.423882	0.568062	0.439805	0.359122	0.396915	0.551518	0.35311	0.468273	0.454198	0.513516	0.529488	0.342928	0.549702
CSI014    	0.39811	0.188601	0.194222	0.267497	0.437131	0.414174	0.530944	0.375548	0.43918	0.421767	0.291596	0.404254	0.184385	0	0.455667	0.444814	0.369882	0.424375	0.414756	0.267178	0.347653	0.451558	0.417658	0.36079	0.346378	0.41702	0.418513	0.427504	0.467991	0.399067	0.37998	0.329215	0.441724	0.195321	0.28379	0.227135	0.396642	0.359492	0.464681	0.506698	0.391129	0.339096	0.578086	0.352829	0.309801	0.434873	0.415814	0.407439	0.368453	0.554734	0.443395	0.47666	0.41156	0.436597	0.432874	0.383792	0.284661	0.376565	0.324825	0.421649	0.373297	0.397284	0.421477	0.500704	0.385141	0.454192	0.321659	0.382093	0.530575	0.501408	0.468198	0.487991	0.413715	0.329396	0.411723	0.303925	0.328959	0.355348	0.432832	0.373559	0.414203	0.443923	0.460384	0.422183	0.385605	0.392132	0.431235	0.345241	0.286496	0.438949	0.524078	0.526326	0.456923	0.479162	0.403844	0.360176	0.459753	0.34561	0.29496	0.322587	0.405125	0.42479	0.423117	0.427527	0.404046	0.448132	0.469741	0.29347	0.380598	0.276307	0.506249	0.48049	0.451411	0.366819	0.446803	0.401041	0.394131	0.543399	0.453802	0.348597	0.327789	0.53885	0.3499	0.49204	0.44419	0.484935	0.480041	0.300648	0.530202
CSI015    	0.197258	0.438199	0.422374	0.403525	0.319584	0.286313	0.338345	0.332277	0.292563	0.247978	0.395043	0.258566	0.466938	0.455667	0	0.378948	0.34341	0.265113	0.30549	0.36765	0.447716	0.219862	0.420017	0.423047	0.361428	0.395168	0.350097	0.214585	0.242911	0.251464	0.196658	0.345481	0.222301	0.424831	0.399698	0.452198	0.355603	0.38662	0.180856	0.248139	0.270303	0.364502	0.542412	0.393164	0.358861	0.322939	0.37593	0.326601	0.36304	0.45964	0.445474	0.359422	0.398771	0.286831	0.377756	0.383922	0.408522	0.417797	0.367414	0.389079	0.366605	0.362522	0.374747	0.555718	0.362054	0.36299	0.421497	0.408784	0.357832	0.535817	0.383256	0.540555	0.426486	0.3985	0.414057	0.406845	0.40259	0.346427	0.402907	0.391063	0.391643	0.387586	0.448783	0.41478	0.498747	0.317279	0.348981	0.331175	0.352831	0.458479	0.424114	0.339221	0.468687	0.276668	0.308673	0.325521	0.271517	0.374475	0.398847	0.397929	0.338413	0.306336	0.374897	0.26082	0.325913	0.381885	0.248536	0.368092	0.340134	0.349767	0.510276	0.236673	0.25371	0.275173	0.48692	0.325228	0.334754	0.325229	0.363912	0.466999	0.421985	0.390741	0.370587	0.32282	0.238398	0.266812	0.475768	0.383996	0.554953
CSI016    	0.312792	0.408746	0.410603	0.419084	0.17455	0.241355	0.428957	0.341718	0.316507	0.336015	0.443303	0.378283	0.404885	0.444814	0.378948	0	0.151905	0.367414	0.232494	0.387254	0.478286	0.392237	0.494155	0.475305	0.452463	0.273608	0.14485	0.317026	0.366195	0.327186	0.307897	0.418996	0.361968	0.406662	0.469856	0.517178	0.118527	0.144562	0.371865	0.356169	0.373391	0.448481	0.577203	0.423692	0.426186	0.452479	0.26229	0.332885	0.404761	0.500789	0.359253	0.377047	0.428529	0.295427	0.448938	0.431463	0.400272	0.28738	0.388731	0.31129	0.327913	0.32728	0.44845	0.259555	0.442978	0.427945	0.342874	0.264659	0.381973	0.245663	0.357879	0.245665	0.207894	0.435653	0.207186	0.40344	0.438025	0.354001	0.368677	0.252947	0.332151	0.284454	0.197756	0.239246	0.247126	0.341491	0.46545	0.425815	0.378591	0.317419	0.383947	0.37929	0.324042	0.38937	0.292966	0.439667	0.321935	0.420871	0.414408	0.4155	0.275523	0.226336	0.23199	0.317184	0.293706	0.461156	0.38607	0.41241	0.453921	0.404654	0.288363	0.349456	0.356034	0.296519	0.281343	0.327755	0.432682	0.403873	0.460119	0.54503	0.487293	0.403774	0.268613	0.363766	0.328469	0.372999	0.47593	0.394183	0.594163
CSI017    	0.272889	0.366413	0.359115	0.372468	0.161115	0.201369	0.362735	0.311779	0.276369	0.304079	0.402511	0.342756	0.34208	0.369882	0.34341	0.151905	0	0.318332	0.219588	0.330923	0.441085	0.35937	0.455052	0.437044	0.396316	0.23324	0.168627	0.269272	0.322698	0.286453	0.288027	0.390908	0.33783	0.339294	0.419122	0.460836	0.118151	0.157932	0.356936	0.356634	0.330686	0.40565	0.580632	0.398472	0.374807	0.429402	0.205462	0.30938	0.389796	0.490061	0.34112	0.365128	0.401972	0.291547	0.398005	0.381057	0.334159	0.227722	0.352469	0.280944	0.29231	0.29515	0.375751	0.357499	0.402911	0.407673	0.287255	0.238442	0.3967	0.328076	0.354149	0.305547	0.224637	0.387849	0.228059	0.330929	0.379349	0.299675	0.355242	0.221039	0.29411	0.284266	0.263997	0.242248	0.286588	0.296048	0.44624	0.404026	0.310804	0.269554	0.374135	0.362106	0.318412	0.362703	0.234638	0.403335	0.287437	0.330751	0.331755	0.367439	0.274071	0.22863	0.219611	0.279549	0.242298	0.415274	0.35474	0.363708	0.408556	0.358253	0.350255	0.340446	0.344513	0.263282	0.313385	0.269387	0.39226	0.398204	0.409779	0.481788	0.429038	0.411503	0.246705	0.352964	0.323915	0.368952	0.464391	0.3211	0.591199
CSI018    	0.237774	0.364504	0.384967	0.383184	0.353396	0.350947	0.348654	0.263235	0.274844	0.272278	0.399408	0.253646	0.440359	0.424375	0.265113	0.367414	0.318332	0	0.318463	0.389046	0.42303	0.21466	0.484007	0.459363	0.402887	0.372341	0.379661	0.209139	0.180276	0.246958	0.300443	0.345347	0.210706	0.393294	0.411151	0.429861	0.331444	0.35295	0.303717	0.260289	0.241123	0.404377	0.49348	0.316547	0.352592	0.38295	0.375153	0.29365	0.306282	0.462249	0.403825	0.286477	0.345576	0.338492	0.400692	0.368115	0.388476	0.353352	0.348739	0.407811	0.302935	0.307452	0.366801	0.520257	0.398605	0.416272	0.370938	0.360912	0.363658	0.487334	0.361905	0.47961	0.384202	0.38318	0.362067	0.371491	0.323568	0.360265	0.362616	0.325051	0.354065	0.38514	0.351995	0.340021	0.462311	0.253323	0.388183	0.353796	0.350162	0.39443	0.379413	0.316822	0.434572	0.292763	0.290874	0.372047	0.228697	0.379002	0.374026	0.359795	0.376837	0.361567	0.346142	0.283254	0.295832	0.397403	0.315148	0.387588	0.369284	0.380418	0.512472	0.337278	0.316999	0.265085	0.450805	0.334627	0.347655	0.342587	0.386629	0.443062	0.422972	0.457692	0.38934	0.369698	0.326769	0.324998	0.4376	0.399298	0.515855
CSI019    	0.284499	0.404916	0.407313	0.43619	0.220392	0.285463	0.396663	0.337879	0.278109	0.352004	0.465338	0.292615	0.378174	0.414756	0.30549	0.232494	0.219588	0.318463	0	0.427095	0.507263	0.312182	0.5435	0.511927	0.477665	0.311978	0.263763	0.32182	0.340471	0.257523	0.280991	0.44643	0.261887	0.382419	0.487069	0.502546	0.235931	0.250717	0.394257	0.390676	0.269111	0.487611	0.524795	0.432318	0.443293	0.475993	0.298576	0.370966	0.412948	0.484356	0.316221	0.368809	0.460369	0.291011	0.458798	0.448488	0.410976	0.247278	0.401672	0.325869	0.296296	0.304527	0.441182	0.36384	0.472762	0.468378	0.310509	0.266545	0.436592	0.321748	0.332349	0.344551	0.247864	0.426167	0.241479	0.364643	0.406769	0.364173	0.366197	0.28807	0.285297	0.31472	0.259634	0.23437	0.365263	0.260152	0.493085	0.454294	0.401763	0.26155	0.441485	0.394036	0.278032	0.34898	0.27265	0.463177	0.302832	0.43809	0.427151	0.409127	0.28759	0.25815	0.242885	0.296618	0.247375	0.444121	0.370083	0.442856	0.475617	0.422095	0.421596	0.373938	0.390168	0.312561	0.365465	0.330139	0.459644	0.418941	0.451154	0.526361	0.498651	0.457521	0.328989	0.36903	0.369066	0.369604	0.453784	0.41822	0.627885
CSI020    	0.337839	0.284866	0.244955	0.183289	0.345767	0.32943	0.423002	0.364322	0.382441	0.350671	0.204029	0.399591	0.283663	0.267178	0.36765	0.387254	0.330923	0.389046	0.427095	0	0.258567	0.417245	0.230733	0.247634	0.213624	0.327908	0.342485	0.346521	0.408004	0.382997	0.319817	0.213208	0.406154	0.273555	0.206989	0.312212	0.344527	0.351822	0.368722	0.379121	0.395404	0.236671	0.599849	0.312565	0.250365	0.311279	0.340671	0.299594	0.384649	0.469896	0.433777	0.403362	0.333426	0.377637	0.322322	0.306911	0.23749	0.37959	0.339576	0.350325	0.385487	0.353473	0.334069	0.524823	0.289078	0.300075	0.330316	0.387496	0.398886	0.520037	0.379023	0.484791	0.420485	0.308158	0.435121	0.333552	0.370314	0.274365	0.360437	0.371545	0.404838	0.359483	0.467423	0.425558	0.398442	0.374563	0.267005	0.219089	0.206055	0.444689	0.39953	0.420857	0.484191	0.396972	0.338747	0.223209	0.372453	0.245949	0.236806	0.263279	0.35287	0.360054	0.393586	0.342594	0.383682	0.355568	0.382975	0.195228	0.229067	0.239733	0.469383	0.37293	0.329376	0.300013	0.445008	0.330796	0.258592	0.417666	0.352914	0.392597	0.338008	0.423356	0.293231	0.369912	0.32517	0.389003	0.49206	0.250007	0.532627
CSI021    	0.423296	0.359851	0.324108	0.191274	0.47318	0.449667	0.5242	0.407775	0.475736	0.433676	0.195089	0.445404	0.379459	0.347653	0.447716	0.478286	0.441085	0.42303	0.507263	0.258567	0	0.449841	0.234032	0.224446	0.231391	0.480448	0.451802	0.432141	0.462564	0.451624	0.413646	0.27825	0.449972	0.34944	0.254606	0.328968	0.431693	0.40595	0.448419	0.46137	0.461574	0.28948	0.615836	0.338416	0.299825	0.370132	0.471815	0.413162	0.402322	0.548902	0.496628	0.468782	0.389786	0.492468	0.425543	0.406357	0.337249	0.493325	0.378802	0.477405	0.441962	0.439698	0.447035	0.567497	0.316084	0.34544	0.409238	0.451801	0.480358	0.571082	0.500796	0.535614	0.514385	0.306752	0.492574	0.417512	0.4058	0.417145	0.403134	0.441206	0.496718	0.482956	0.516097	0.480572	0.429124	0.470685	0.346721	0.277231	0.314087	0.510382	0.511834	0.498053	0.55257	0.463168	0.460387	0.314428	0.486015	0.35617	0.352623	0.330345	0.493566	0.494815	0.495365	0.454187	0.483623	0.458279	0.46347	0.288907	0.332422	0.325444	0.540772	0.473862	0.424386	0.410785	0.512119	0.455323	0.328003	0.502576	0.438529	0.367742	0.345765	0.518848	0.403714	0.519133	0.437853	0.46884	0.515974	0.362507	0.513804
CSI022    	0.211859	0.415156	0.411538	0.400082	0.374064	0.39203	0.342904	0.289151	0.278152	0.248773	0.395337	0.194479	0.456996	0.451558	0.219862	0.392237	0.35937	0.21466	0.312182	0.417245	0.449841	0	0.481437	0.45177	0.404431	0.414601	0.408757	0.235494	0.15977	0.187369	0.248016	0.374556	0.172325	0.420813	0.419951	0.447942	0.362056	0.389986	0.2947	0.282068	0.205356	0.43287	0.489245	0.358641	0.381992	0.391601	0.405032	0.345067	0.321912	0.494977	0.406392	0.330647	0.376958	0.38463	0.41437	0.40734	0.405553	0.414017	0.357199	0.443094	0.336015	0.387815	0.41677	0.548451	0.387224	0.408161	0.404118	0.40324	0.370309	0.515664	0.390213	0.532643	0.432115	0.390933	0.382884	0.385754	0.365126	0.385618	0.389372	0.357077	0.347955	0.435424	0.413226	0.388572	0.493727	0.297105	0.403655	0.362165	0.381401	0.409053	0.433862	0.326003	0.436921	0.25995	0.32179	0.373812	0.282047	0.416093	0.409328	0.380812	0.417239	0.383239	0.364251	0.31829	0.322745	0.42147	0.317542	0.416405	0.372623	0.38676	0.532138	0.337289	0.335832	0.303943	0.477672	0.359376	0.378586	0.361687	0.407427	0.467263	0.420347	0.485347	0.435243	0.387969	0.335598	0.350195	0.465818	0.44434	0.537652
CSI023    	0.421816	0.418507	0.372706	0.250226	0.446488	0.409792	0.453448	0.439445	0.490332	0.429564	0.224194	0.503668	0.447994	0.417658	0.420017	0.494155	0.455052	0.484007	0.5435	0.230733	0.234032	0.481437	0	0.173854	0.207652	0.419249	0.455604	0.436013	0.465662	0.499577	0.417905	0.254139	0.486104	0.44816	0.265951	0.399087	0.460445	0.472717	0.38302	0.396619	0.525362	0.229903	0.674504	0.390717	0.315558	0.294234	0.408777	0.401862	0.455252	0.538943	0.541266	0.481648	0.389514	0.463102	0.361097	0.397388	0.366666	0.526431	0.412933	0.442264	0.503181	0.472893	0.409237	0.611005	0.308446	0.310342	0.466166	0.506543	0.416064	0.620155	0.502937	0.576363	0.549119	0.374736	0.550916	0.456626	0.476097	0.368303	0.454456	0.498744	0.51755	0.434329	0.562815	0.537616	0.485738	0.50471	0.220563	0.241832	0.34723	0.564305	0.410049	0.503606	0.61893	0.455188	0.434977	0.231903	0.476378	0.349264	0.373425	0.362984	0.445598	0.465885	0.514167	0.442605	0.49679	0.403898	0.431225	0.240683	0.236365	0.312286	0.535049	0.423295	0.38269	0.438611	0.542313	0.404762	0.249471	0.397799	0.371754	0.42651	0.348154	0.437017	0.380155	0.460499	0.398384	0.442012	0.553699	0.320302	0.526004
CSI024    	0.405294	0.362483	0.310726	0.209562	0.46601	0.45755	0.480077	0.42081	0.473978	0.414424	0.179123	0.474194	0.39773	0.36079	0.423047	0.475305	0.437044	0.459363	0.511927	0.247634	0.224446	0.45177	0.173854	0	0.20753	0.465844	0.449258	0.424754	0.441372	0.469701	0.395182	0.257531	0.451124	0.408546	0.20805	0.311083	0.4378	0.443837	0.41366	0.435827	0.495404	0.270145	0.636158	0.358218	0.30519	0.369657	0.444606	0.414543	0.393651	0.543828	0.507076	0.484483	0.397076	0.474888	0.401915	0.396783	0.35379	0.500781	0.352714	0.447097	0.475963	0.440475	0.439148	0.593394	0.300049	0.356611	0.451418	0.473931	0.471603	0.592845	0.498677	0.57042	0.519267	0.365157	0.519715	0.441911	0.450579	0.409372	0.438241	0.472308	0.48519	0.476122	0.540342	0.505725	0.487776	0.475406	0.319424	0.250555	0.326352	0.542613	0.498022	0.487003	0.579041	0.434441	0.442479	0.280435	0.470945	0.350651	0.339194	0.361801	0.483622	0.486781	0.486651	0.437888	0.464035	0.44589	0.44842	0.258245	0.304193	0.267709	0.534868	0.455927	0.412962	0.404894	0.533736	0.447055	0.33668	0.470177	0.385391	0.397724	0.299416	0.512486	0.388348	0.488662	0.429652	0.441754	0.535726	0.348636	0.533772
CSI025    	0.357885	0.361388	0.339625	0.194847	0.41103	0.410999	0.414633	0.420133	0.429104	0.378532	0.175367	0.436461	0.34061	0.346378	0.361428	0.452463	0.396316	0.402887	0.477665	0.213624	0.231391	0.404431	0.207652	0.20753	0	0.422079	0.412205	0.363885	0.410416	0.424003	0.354362	0.17366	0.400242	0.334471	0.19174	0.298577	0.413064	0.421715	0.375507	0.391381	0.440497	0.205695	0.596387	0.334533	0.261662	0.323095	0.407251	0.384947	0.407551	0.484748	0.460678	0.458988	0.371762	0.438268	0.326034	0.336125	0.319808	0.462374	0.361487	0.405878	0.438702	0.415627	0.360694	0.591821	0.247077	0.287293	0.379768	0.456822	0.439453	0.565946	0.436807	0.559951	0.491979	0.317743	0.500334	0.380437	0.393627	0.327813	0.411162	0.461345	0.449567	0.440518	0.528571	0.489715	0.443156	0.425413	0.268379	0.215487	0.253852	0.497825	0.474997	0.44081	0.531842	0.384998	0.396364	0.225555	0.426877	0.288594	0.319257	0.311869	0.446921	0.446705	0.45022	0.386823	0.41643	0.365714	0.376162	0.213112	0.261531	0.267334	0.530865	0.402832	0.378438	0.376472	0.51464	0.392298	0.241494	0.452182	0.337845	0.371688	0.317084	0.484376	0.381701	0.428174	0.388534	0.416175	0.538336	0.30001	0.540908
CSI026    	0.359264	0.414175	0.404666	0.421354	0.205415	0.228407	0.373148	0.400659	0.331998	0.375637	0.447827	0.400164	0.376189	0.41702	0.395168	0.273608	0.23324	0.372341	0.311978	0.327908	0.480448	0.414601	0.419249	0.465844	0.422079	0	0.240852	0.336248	0.389488	0.361148	0.359695	0.413149	0.412434	0.392386	0.43092	0.505093	0.253023	0.3013	0.379584	0.356045	0.393992	0.384209	0.611163	0.422428	0.415996	0.432341	0.24434	0.341093	0.44375	0.41592	0.353268	0.386237	0.425463	0.325291	0.371038	0.388037	0.369437	0.3005	0.442478	0.284745	0.344134	0.341423	0.377875	0.441957	0.445088	0.412028	0.342265	0.330125	0.365605	0.414918	0.319454	0.401576	0.321281	0.44116	0.356734	0.390549	0.444245	0.296654	0.401304	0.33111	0.326868	0.25303	0.378629	0.343163	0.379579	0.345425	0.428663	0.434544	0.37005	0.305339	0.315486	0.403574	0.368222	0.405348	0.283922	0.402261	0.347228	0.377261	0.380701	0.413585	0.287593	0.279016	0.293349	0.336699	0.311677	0.402239	0.390788	0.405434	0.394703	0.41977	0.387772	0.35584	0.351564	0.340331	0.379388	0.309345	0.415484	0.39237	0.415681	0.530262	0.472577	0.398504	0.252841	0.337213	0.342618	0.403095	0.51335	0.341298	0.629143
CSI027    	0.333231	0.395594	0.394596	0.400037	0.157826	0.17451	0.437968	0.348834	0.337892	0.341048	0.436214	0.389753	0.374634	0.418513	0.350097	0.14485	0.168627	0.379661	0.263763	0.342485	0.451802	0.408757	0.455604	0.449258	0.412205	0.240852	0	0.311571	0.394965	0.352936	0.296112	0.397133	0.40018	0.389137	0.448746	0.497849	0.117184	0.161372	0.360547	0.363794	0.39133	0.400985	0.603908	0.399283	0.406936	0.4162	0.258378	0.315962	0.42151	0.474304	0.353231	0.388215	0.418803	0.274983	0.417197	0.418981	0.369782	0.312285	0.40483	0.296813	0.345682	0.320915	0.41885	0.338261	0.422251	0.400692	0.338954	0.283305	0.392796	0.329236	0.369832	0.310214	0.237187	0.424296	0.244551	0.382756	0.437492	0.335074	0.383663	0.260583	0.340754	0.286919	0.268205	0.27062	0.269223	0.352382	0.426436	0.398104	0.344037	0.322626	0.382097	0.403968	0.329529	0.425283	0.281646	0.411965	0.321131	0.372469	0.376605	0.39646	0.268082	0.204374	0.267753	0.289537	0.300628	0.460597	0.351927	0.378015	0.42697	0.383106	0.292459	0.319805	0.301945	0.27768	0.296001	0.309616	0.404661	0.416522	0.43015	0.514447	0.462631	0.372686	0.20233	0.334118	0.289171	0.335819	0.488563	0.349055	0.592085
CSI028    	0.181047	0.404657	0.395744	0.378418	0.272771	0.272805	0.307439	0.270189	0.232782	0.158157	0.385038	0.242755	0.445909	0.427504	0.214585	0.317026	0.269272	0.209139	0.32182	0.346521	0.432141	0.235494	0.436013	0.424754	0.363885	0.336248	0.311571	0	0.182403	0.245636	0.211079	0.315099	0.249607	0.404222	0.390813	0.438815	0.287322	0.341445	0.216842	0.215436	0.256151	0.374154	0.51638	0.340383	0.327684	0.373006	0.307363	0.277706	0.311472	0.457685	0.415569	0.317675	0.368155	0.316802	0.370541	0.344269	0.377789	0.382742	0.33273	0.377466	0.297701	0.317075	0.355093	0.515597	0.355262	0.370439	0.39052	0.363978	0.343124	0.487559	0.357839	0.49222	0.383088	0.373874	0.377131	0.385792	0.366381	0.312673	0.362087	0.341104	0.35458	0.352994	0.406668	0.371813	0.454203	0.293811	0.381851	0.328154	0.325351	0.408593	0.352696	0.297177	0.447607	0.295718	0.240072	0.339376	0.219033	0.328953	0.35277	0.363463	0.341822	0.311108	0.335014	0.219347	0.301459	0.392609	0.291002	0.340735	0.35072	0.332486	0.47738	0.265819	0.245189	0.224665	0.452245	0.295177	0.352238	0.317908	0.381006	0.464943	0.411567	0.407425	0.330131	0.297461	0.248093	0.27466	0.409608	0.328739	0.558779
CSI029    	0.221239	0.424854	0.423847	0.425809	0.345918	0.370721	0.28537	0.282084	0.263067	0.237813	0.412325	0.216607	0.485805	0.467991	0.242911	0.366195	0.322698	0.180276	0.340471	0.408004	0.462564	0.15977	0.465662	0.441372	0.410416	0.389488	0.394965	0.182403	0	0.241068	0.280383	0.365138	0.209023	0.448262	0.424742	0.464185	0.346766	0.39807	0.242439	0.220378	0.226383	0.426525	0.522741	0.375072	0.371127	0.390024	0.370472	0.328039	0.331011	0.501805	0.449966	0.341556	0.385249	0.369288	0.409979	0.388044	0.416488	0.404794	0.375664	0.435602	0.339722	0.376677	0.401259	0.562045	0.387619	0.40669	0.427846	0.408191	0.355843	0.520021	0.399616	0.536638	0.429122	0.420916	0.397239	0.407691	0.386167	0.385414	0.416396	0.361354	0.35245	0.419788	0.415919	0.405951	0.509333	0.318968	0.394464	0.355095	0.378575	0.408186	0.39007	0.279493	0.467485	0.278138	0.31132	0.367339	0.248284	0.397581	0.390374	0.390351	0.399839	0.364781	0.367189	0.296286	0.321663	0.409809	0.331105	0.406354	0.359877	0.388698	0.523712	0.324814	0.320043	0.282841	0.491167	0.35339	0.376848	0.311842	0.388095	0.479089	0.423627	0.464163	0.4118	0.372717	0.321039	0.322321	0.46196	0.418752	0.549534
CSI030    	0.19657	0.361294	0.353748	0.377217	0.321363	0.33066	0.409311	0.233533	0.199941	0.224798	0.417842	0.162983	0.402796	0.399067	0.251464	0.327186	0.286453	0.246958	0.257523	0.382997	0.451624	0.187369	0.499577	0.469701	0.424003	0.361148	0.352936	0.245636	0.241068	0	0.195172	0.378719	0.202259	0.358103	0.435622	0.425579	0.29776	0.307503	0.321588	0.314222	0.201107	0.433153	0.471916	0.341088	0.395291	0.418037	0.337955	0.290191	0.298318	0.483642	0.34629	0.283826	0.379457	0.317471	0.429006	0.40051	0.369806	0.347214	0.335766	0.381935	0.246439	0.303283	0.418186	0.465935	0.417953	0.443358	0.352457	0.319841	0.384588	0.437277	0.335064	0.454559	0.368612	0.363002	0.298829	0.344648	0.329898	0.33716	0.337903	0.292294	0.280097	0.36367	0.349124	0.307811	0.414965	0.255719	0.434727	0.392701	0.353999	0.345783	0.399878	0.344198	0.375245	0.28961	0.272828	0.392135	0.269221	0.39833	0.378876	0.335037	0.373093	0.333507	0.31118	0.2786	0.254532	0.446529	0.341233	0.390589	0.403417	0.392658	0.489058	0.31056	0.308444	0.252319	0.413328	0.300248	0.394935	0.38259	0.432144	0.472222	0.439862	0.460941	0.366595	0.36883	0.301371	0.343493	0.424921	0.387285	0.536981
CSI031    	0.177259	0.364954	0.354911	0.340079	0.278697	0.279976	0.414834	0.241036	0.242888	0.194076	0.359352	0.218932	0.400498	0.37998	0.196658	0.307897	0.288027	0.300443	0.280991	0.319817	0.413646	0.248016	0.417905	0.395182	0.354362	0.359695	0.296112	0.211079	0.280383	0.195172	0	0.319794	0.275101	0.375659	0.369296	0.408557	0.288918	0.320912	0.229651	0.293332	0.280051	0.35628	0.53407	0.331798	0.329486	0.345111	0.334909	0.283649	0.310858	0.484326	0.375562	0.334844	0.366617	0.301382	0.406456	0.356424	0.331738	0.381583	0.316731	0.366634	0.287581	0.299751	0.402032	0.485478	0.344491	0.399999	0.378649	0.357633	0.385994	0.477981	0.352818	0.475385	0.370072	0.345058	0.370907	0.356036	0.366126	0.319731	0.366937	0.352873	0.333846	0.355035	0.398589	0.379307	0.424825	0.288737	0.357674	0.32483	0.3043	0.403262	0.405934	0.353567	0.410095	0.317874	0.279042	0.332182	0.268569	0.363708	0.340065	0.334482	0.328409	0.301599	0.31383	0.228369	0.269267	0.431965	0.286766	0.315194	0.357943	0.309074	0.454649	0.261931	0.25626	0.216067	0.425997	0.293858	0.347419	0.382337	0.419877	0.45238	0.391738	0.404241	0.297915	0.341519	0.235824	0.27812	0.435206	0.3186	0.529747
CSI032    	0.319531	0.324398	0.284235	0.241237	0.398146	0.392423	0.456086	0.362513	0.388522	0.328445	0.227473	0.368439	0.370426	0.329215	0.345481	0.418996	0.390908	0.345347	0.44643	0.213208	0.27825	0.374556	0.254139	0.257531	0.17366	0.413149	0.397133	0.315099	0.365138	0.378719	0.319794	0	0.365019	0.365756	0.205784	0.315494	0.398608	0.403311	0.35529	0.36286	0.400773	0.245852	0.550504	0.288585	0.245342	0.285683	0.415483	0.335145	0.331471	0.489782	0.474872	0.406806	0.317964	0.394643	0.341189	0.305282	0.334831	0.463926	0.343934	0.422388	0.406686	0.394472	0.368196	0.557263	0.275685	0.321984	0.384937	0.425717	0.395538	0.553223	0.413542	0.545999	0.467743	0.32147	0.458055	0.375832	0.359885	0.324438	0.411952	0.413454	0.448054	0.415751	0.474259	0.437241	0.435118	0.394365	0.240859	0.174994	0.270404	0.497327	0.434627	0.412839	0.52572	0.402627	0.371587	0.195738	0.374708	0.33151	0.339562	0.278325	0.425807	0.411914	0.430563	0.366803	0.407614	0.39104	0.386358	0.218729	0.213427	0.258082	0.511708	0.360097	0.328245	0.33952	0.505086	0.394685	0.224626	0.420526	0.395387	0.392485	0.335938	0.473612	0.351653	0.406521	0.338475	0.390894	0.509176	0.292758	0.500402
CSI033    	0.180957	0.41887	0.406047	0.38784	0.356789	0.383132	0.340862	0.301134	0.275908	0.255012	0.388682	0.236141	0.447128	0.441724	0.222301	0.361968	0.33783	0.210706	0.261887	0.406154	0.449972	0.172325	0.486104	0.451124	0.400242	0.412434	0.40018	0.249607	0.209023	0.202259	0.275101	0.365019	0	0.393018	0.41908	0.446575	0.352388	0.380434	0.301151	0.27427	0.174695	0.416987	0.4607	0.367398	0.364858	0.40275	0.380156	0.348361	0.341323	0.464317	0.36461	0.319765	0.387125	0.337065	0.399953	0.410673	0.395737	0.364597	0.33059	0.402432	0.33419	0.330784	0.404394	0.52789	0.389554	0.40264	0.367276	0.374339	0.348737	0.499967	0.373358	0.501289	0.392057	0.377751	0.340992	0.369706	0.356372	0.380173	0.34027	0.346941	0.348921	0.399023	0.383547	0.342528	0.491381	0.260443	0.415552	0.365106	0.357357	0.40978	0.410746	0.317634	0.423661	0.218024	0.310689	0.37343	0.246409	0.383957	0.387899	0.368004	0.360045	0.337638	0.333204	0.293958	0.300263	0.389802	0.29516	0.404921	0.382347	0.372878	0.516656	0.336273	0.326165	0.284577	0.460903	0.331743	0.373211	0.317215	0.378933	0.458855	0.42331	0.443577	0.427624	0.359818	0.319824	0.313322	0.434744	0.433992	0.557435
CSI034    	0.377672	0.246018	0.252962	0.249129	0.400184	0.384856	0.494281	0.385052	0.399763	0.421116	0.308001	0.381413	0.175387	0.195321	0.424831	0.406662	0.339294	0.393294	0.382419	0.273555	0.34944	0.420813	0.44816	0.408546	0.334471	0.392386	0.389137	0.404222	0.448262	0.358103	0.375659	0.365756	0.393018	0	0.327003	0.303875	0.362935	0.332927	0.452071	0.475653	0.364802	0.335503	0.530327	0.349017	0.325286	0.432936	0.390795	0.393399	0.420088	0.500056	0.357264	0.450054	0.411688	0.404903	0.396188	0.382574	0.261958	0.332093	0.358756	0.371073	0.343631	0.377549	0.399044	0.475388	0.353424	0.39974	0.263087	0.348455	0.500728	0.453243	0.418848	0.468438	0.378456	0.311391	0.374375	0.274699	0.310034	0.333853	0.353193	0.338862	0.377613	0.399709	0.430231	0.388089	0.361065	0.359878	0.455188	0.383372	0.243127	0.394338	0.502332	0.483072	0.396658	0.41277	0.385423	0.393398	0.431801	0.294896	0.248992	0.28332	0.381166	0.394147	0.351774	0.412383	0.363032	0.403865	0.442227	0.339388	0.410651	0.334973	0.491076	0.438657	0.433881	0.343304	0.428897	0.380213	0.388516	0.52149	0.389124	0.366825	0.383024	0.512261	0.374871	0.437672	0.416035	0.473501	0.496882	0.343201	0.566918
